date,repo,coverage_pct,source,repo_pushed_at,measured_on,measured_branch
2026-08-10,LegalSifter/api-documents,80.60,fresh,,,
2026-08-10,LegalSifter/api-settings,,unavailable,,,
2026-08-10,LegalSifter/api-tickets,,unavailable,,,
2026-08-10,LegalSifter/automator,,unavailable,,,
2026-08-10,LegalSifter/go-mail,,unavailable,,,
2026-08-10,LegalSifter/ms-auth,,unavailable,,,
2026-08-10,LegalSifter/ms-billing,82.90,fresh,,,
2026-08-10,LegalSifter/ms-chat,,unavailable,,,
2026-08-10,LegalSifter/ms-playbook,81.00,fresh,,,
2026-08-10,LegalSifter/ms-profile,,unavailable,,,
2026-08-10,LegalSifter/ms-project,,unavailable,,,
2026-08-10,LegalSifter/ms-search,80.00,fresh,,,
2026-08-10,LegalSifter/ms-sign,,unavailable,,,
2026-08-10,LegalSifter/ms-storage,93.00,fresh,,,
2026-08-10,LegalSifter/workflows,,unavailable,,,
2026-08-11,LegalSifter/api-documents,80.60,fresh,,,
2026-08-11,LegalSifter/api-settings,,unavailable,,,
2026-08-11,LegalSifter/api-tickets,,unavailable,,,
2026-08-11,LegalSifter/automator,,unavailable,,,
2026-08-11,LegalSifter/go-mail,,unavailable,,,
2026-08-11,LegalSifter/go-microservices,,unavailable,,,
2026-08-11,LegalSifter/ms-auth,,unavailable,,,
2026-08-11,LegalSifter/ms-billing,82.90,fresh,,,
2026-08-11,LegalSifter/ms-chat,,unavailable,,,
2026-08-11,LegalSifter/ms-playbook,81.00,fresh,,,
2026-08-11,LegalSifter/ms-profile,,unavailable,,,
2026-08-11,LegalSifter/ms-project,,unavailable,,,
2026-08-11,LegalSifter/ms-search,80.00,fresh,,,
2026-08-11,LegalSifter/ms-share,96.50,fresh,,,
2026-08-11,LegalSifter/ms-sign,,unavailable,,,
2026-08-11,LegalSifter/ms-storage,93.00,fresh,,,
2026-08-11,LegalSifter/workflows,,unavailable,,,
2026-08-12,LegalSifter/api-documents,80.60,fresh,,,
2026-08-12,LegalSifter/api-settings,,unavailable,,,
2026-08-12,LegalSifter/api-tickets,,unavailable,,,
2026-08-12,LegalSifter/automator,,unavailable,,,
2026-08-12,LegalSifter/go-mail,,unavailable,,,
2026-08-12,LegalSifter/go-microservices,,unavailable,,,
2026-08-12,LegalSifter/ms-auth,,unavailable,,,
2026-08-12,LegalSifter/ms-billing,82.90,fresh,,,
2026-08-12,LegalSifter/ms-chat,,unavailable,,,
2026-08-12,LegalSifter/ms-playbook,81.00,fresh,,,
2026-08-12,LegalSifter/ms-profile,,unavailable,,,
2026-08-12,LegalSifter/ms-project,,unavailable,,,
2026-08-12,LegalSifter/ms-search,80.00,fresh,,,
2026-08-12,LegalSifter/ms-share,96.50,fresh,,,
2026-08-12,LegalSifter/ms-sign,,unavailable,,,
2026-08-12,LegalSifter/ms-storage,93.00,fresh,,,
2026-08-12,LegalSifter/workflows,,unavailable,,,
2026-08-13,LegalSifter/api-documents,80.60,fresh,,,
2026-08-13,LegalSifter/api-settings,,unavailable,,,
2026-08-13,LegalSifter/api-tickets,,unavailable,,,
2026-08-13,LegalSifter/automator,,unavailable,,,
2026-08-13,LegalSifter/go-mail,,unavailable,,,
2026-08-13,LegalSifter/go-microservices,,unavailable,,,
2026-08-13,LegalSifter/ms-auth,,unavailable,,,
2026-08-13,LegalSifter/ms-billing,82.90,fresh,,,
2026-08-13,LegalSifter/ms-chat,,unavailable,,,
2026-08-13,LegalSifter/ms-playbook,81.00,fresh,,,
2026-08-13,LegalSifter/ms-profile,,unavailable,,,
2026-08-13,LegalSifter/ms-project,,unavailable,,,
2026-08-13,LegalSifter/ms-search,80.00,fresh,,,
2026-08-13,LegalSifter/ms-share,96.50,fresh,,,
2026-08-13,LegalSifter/ms-sign,,unavailable,,,
2026-08-13,LegalSifter/ms-storage,93.00,fresh,,,
2026-08-13,LegalSifter/workflows,,unavailable,,,
2026-08-14,LegalSifter/api-documents,80.60,fresh,,,
2026-08-14,LegalSifter/api-settings,,unavailable,,,
2026-08-14,LegalSifter/api-tickets,,unavailable,,,
2026-08-14,LegalSifter/automator,,unavailable,,,
2026-08-14,LegalSifter/go-mail,,unavailable,,,
2026-08-14,LegalSifter/go-microservices,,unavailable,,,
2026-08-14,LegalSifter/ms-auth,,unavailable,,,
2026-08-14,LegalSifter/ms-billing,82.90,fresh,,,
2026-08-14,LegalSifter/ms-chat,,unavailable,,,
2026-08-14,LegalSifter/ms-playbook,81.00,fresh,,,
2026-08-14,LegalSifter/ms-profile,,unavailable,,,
2026-08-14,LegalSifter/ms-project,,unavailable,,,
2026-08-14,LegalSifter/ms-search,80.00,fresh,,,
2026-08-14,LegalSifter/ms-share,96.50,fresh,,,
2026-08-14,LegalSifter/ms-sign,,unavailable,,,
2026-08-14,LegalSifter/ms-storage,93.00,fresh,,,
2026-08-14,LegalSifter/workflows,,unavailable,,,
2026-08-15,LegalSifter/api-documents,80.60,fresh,,,
2026-08-15,LegalSifter/api-settings,,unavailable,,,
2026-08-15,LegalSifter/api-tickets,,unavailable,,,
2026-08-15,LegalSifter/automator,,unavailable,,,
2026-08-15,LegalSifter/go-mail,,unavailable,,,
2026-08-15,LegalSifter/go-microservices,,unavailable,,,
2026-08-15,LegalSifter/ms-auth,,unavailable,,,
2026-08-15,LegalSifter/ms-billing,82.90,fresh,,,
2026-08-15,LegalSifter/ms-chat,,unavailable,,,
2026-08-15,LegalSifter/ms-playbook,81.00,carried_forward,,,
2026-08-15,LegalSifter/ms-profile,,unavailable,,,
2026-08-15,LegalSifter/ms-project,,unavailable,,,
2026-08-15,LegalSifter/ms-search,80.00,carried_forward,,,
2026-08-15,LegalSifter/ms-share,96.50,carried_forward,,,
2026-08-15,LegalSifter/ms-sign,,unavailable,,,
2026-08-15,LegalSifter/ms-storage,93.00,carried_forward,,,
2026-08-15,LegalSifter/workflows,,unavailable,,,
2026-08-16,LegalSifter/api-documents,80.60,fresh,,,
2026-08-16,LegalSifter/api-settings,,unavailable,,,
2026-08-16,LegalSifter/api-tickets,,unavailable,,,
2026-08-16,LegalSifter/automator,,unavailable,,,
2026-08-16,LegalSifter/go-mail,,unavailable,,,
2026-08-16,LegalSifter/go-microservices,,unavailable,,,
2026-08-16,LegalSifter/ms-auth,,unavailable,,,
2026-08-16,LegalSifter/ms-billing,82.90,fresh,,,
2026-08-16,LegalSifter/ms-chat,,unavailable,,,
2026-08-16,LegalSifter/ms-playbook,81.00,carried_forward,,,
2026-08-16,LegalSifter/ms-profile,,unavailable,,,
2026-08-16,LegalSifter/ms-project,,unavailable,,,
2026-08-16,LegalSifter/ms-search,80.00,carried_forward,,,
2026-08-16,LegalSifter/ms-share,96.50,carried_forward,,,
2026-08-16,LegalSifter/ms-sign,,unavailable,,,
2026-08-16,LegalSifter/ms-storage,93.00,carried_forward,,,
2026-08-16,LegalSifter/workflows,,unavailable,,,
2026-08-17,LegalSifter/api-documents,80.60,fresh,,,
2026-08-17,LegalSifter/api-settings,,unavailable,,,
2026-08-17,LegalSifter/api-tickets,,unavailable,,,
2026-08-17,LegalSifter/automator,,unavailable,,,
2026-08-17,LegalSifter/go-mail,,unavailable,,,
2026-08-17,LegalSifter/go-microservices,,unavailable,,,
2026-08-17,LegalSifter/ms-auth,,unavailable,,,
2026-08-17,LegalSifter/ms-billing,82.90,fresh,,,
2026-08-17,LegalSifter/ms-chat,,unavailable,,,
2026-08-17,LegalSifter/ms-playbook,81.00,carried_forward,,,
2026-08-17,LegalSifter/ms-profile,,unavailable,,,
2026-08-17,LegalSifter/ms-project,,unavailable,,,
2026-08-17,LegalSifter/ms-search,80.00,carried_forward,,,
2026-08-17,LegalSifter/ms-share,96.50,carried_forward,,,
2026-08-17,LegalSifter/ms-sign,,unavailable,,,
2026-08-17,LegalSifter/ms-storage,93.00,carried_forward,,,
2026-08-17,LegalSifter/workflows,,unavailable,,,
2026-08-18,LegalSifter/api-documents,80.60,fresh,,,
2026-08-18,LegalSifter/api-settings,,unavailable,,,
2026-08-18,LegalSifter/api-tickets,,unavailable,,,
2026-08-18,LegalSifter/automator,,unavailable,,,
2026-08-18,LegalSifter/control-bff,,unavailable,,,
2026-08-18,LegalSifter/go-mail,,unavailable,,,
2026-08-18,LegalSifter/go-microservices,,unavailable,,,
2026-08-18,LegalSifter/ls-review-fe,82.77,fresh,,,
2026-08-18,LegalSifter/ms-auth,,unavailable,,,
2026-08-18,LegalSifter/ms-billing,82.90,carried_forward,,,
2026-08-18,LegalSifter/ms-chat,,unavailable,,,
2026-08-18,LegalSifter/ms-playbook,81.00,carried_forward,,,
2026-08-18,LegalSifter/ms-profile,,unavailable,,,
2026-08-18,LegalSifter/ms-project,,unavailable,,,
2026-08-18,LegalSifter/ms-search,80.00,carried_forward,,,
2026-08-18,LegalSifter/ms-share,96.50,carried_forward,,,
2026-08-18,LegalSifter/ms-sign,,unavailable,,,
2026-08-18,LegalSifter/ms-storage,93.00,carried_forward,,,
2026-08-18,LegalSifter/workflows,,unavailable,,,
2026-08-19,LegalSifter/api-documents,80.60,fresh,,,
2026-08-19,LegalSifter/api-settings,,unavailable,,,
2026-08-19,LegalSifter/api-tickets,,unavailable,,,
2026-08-19,LegalSifter/automator,,unavailable,,,
2026-08-19,LegalSifter/control-bff,92.32,fresh,,,
2026-08-19,LegalSifter/go-mail,,unavailable,,,
2026-08-19,LegalSifter/go-microservices,,unavailable,,,
2026-08-19,LegalSifter/ls-review-fe,82.82,fresh,,,
2026-08-19,LegalSifter/ms-auth,,unavailable,,,
2026-08-19,LegalSifter/ms-billing,82.90,carried_forward,,,
2026-08-19,LegalSifter/ms-chat,,unavailable,,,
2026-08-19,LegalSifter/ms-playbook,81.00,carried_forward,,,
2026-08-19,LegalSifter/ms-profile,,unavailable,,,
2026-08-19,LegalSifter/ms-project,,unavailable,,,
2026-08-19,LegalSifter/ms-search,80.00,carried_forward,,,
2026-08-19,LegalSifter/ms-share,96.50,carried_forward,,,
2026-08-19,LegalSifter/ms-sign,,unavailable,,,
2026-08-19,LegalSifter/ms-storage,93.00,carried_forward,,,
2026-08-19,LegalSifter/workflows,,unavailable,,,
2026-08-20,LegalSifter/api-documents,80.60,fresh,,,
2026-08-20,LegalSifter/api-settings,,unavailable,,,
2026-08-20,LegalSifter/api-tickets,,unavailable,,,
2026-08-20,LegalSifter/automator,,unavailable,,,
2026-08-20,LegalSifter/control-bff,92.32,fresh,,,
2026-08-20,LegalSifter/go-mail,,unavailable,,,
2026-08-20,LegalSifter/go-microservices,,unavailable,,,
2026-08-20,LegalSifter/ls-review-fe,82.81,fresh,,,
2026-08-20,LegalSifter/ms-auth,,unavailable,,,
2026-08-20,LegalSifter/ms-billing,82.90,fresh,,,
2026-08-20,LegalSifter/ms-chat,,unavailable,,,
2026-08-20,LegalSifter/ms-playbook,81.00,carried_forward,,,
2026-08-20,LegalSifter/ms-profile,,unavailable,,,
2026-08-20,LegalSifter/ms-project,,unavailable,,,
2026-08-20,LegalSifter/ms-search,80.00,carried_forward,,,
2026-08-20,LegalSifter/ms-share,96.50,carried_forward,,,
2026-08-20,LegalSifter/ms-sign,,unavailable,,,
2026-08-20,LegalSifter/ms-storage,93.00,carried_forward,,,
2026-08-20,LegalSifter/workflows,,unavailable,,,
2026-08-21,LegalSifter/api-documents,80.60,fresh,2026-08-19,,
2026-08-21,LegalSifter/api-settings,,unavailable,2026-07-22,,
2026-08-21,LegalSifter/api-tickets,,unavailable,2026-07-22,,
2026-08-21,LegalSifter/automator,,unavailable,2026-08-20,,
2026-08-21,LegalSifter/control-bff,92.32,fresh,2026-08-19,,
2026-08-21,LegalSifter/go-mail,,unavailable,2026-07-22,,
2026-08-21,LegalSifter/go-microservices,83.30,fresh,2026-08-20,,
2026-08-21,LegalSifter/ls-review-fe,82.81,fresh,2026-08-19,,
2026-08-21,LegalSifter/ms-auth,,unavailable,2026-04-15,,
2026-08-21,LegalSifter/ms-billing,82.90,fresh,2026-08-19,,
2026-08-21,LegalSifter/ms-chat,,unavailable,2026-01-20,,
2026-08-21,LegalSifter/ms-playbook,80.30,fresh,2026-08-20,,
2026-08-21,LegalSifter/ms-profile,,unavailable,2026-07-22,,
2026-08-21,LegalSifter/ms-project,,unavailable,2025-12-09,,
2026-08-21,LegalSifter/ms-search,80.00,carried_forward,2026-08-07,,
2026-08-21,LegalSifter/ms-share,96.50,carried_forward,2026-08-07,,
2026-08-21,LegalSifter/ms-sign,,unavailable,2026-07-22,,
2026-08-21,LegalSifter/ms-storage,93.00,carried_forward,2026-08-11,,
2026-08-21,LegalSifter/workflows,,unavailable,2026-07-22,,
2026-08-22,LegalSifter/api-documents,80.60,fresh,2026-08-21,,
2026-08-22,LegalSifter/api-settings,,unavailable,2026-07-22,,
2026-08-22,LegalSifter/api-tickets,,unavailable,2026-07-22,,
2026-08-22,LegalSifter/automator,,unavailable,2026-08-21,,
2026-08-22,LegalSifter/control-bff,92.32,fresh,2026-08-21,,
2026-08-22,LegalSifter/go-mail,,unavailable,2026-07-22,,
2026-08-22,LegalSifter/go-microservices,83.30,fresh,2026-08-21,,
2026-08-22,LegalSifter/ls-review-fe,82.81,fresh,2026-08-21,,
2026-08-22,LegalSifter/ms-auth,,unavailable,2026-04-15,,
2026-08-22,LegalSifter/ms-billing,82.90,fresh,2026-08-19,,
2026-08-22,LegalSifter/ms-chat,,unavailable,2026-01-20,,
2026-08-22,LegalSifter/ms-playbook,80.30,fresh,2026-08-21,,
2026-08-22,LegalSifter/ms-profile,,unavailable,2026-07-22,,
2026-08-22,LegalSifter/ms-project,,unavailable,2025-12-09,,
2026-08-22,LegalSifter/ms-search,80.00,carried_forward,2026-08-07,,
2026-08-22,LegalSifter/ms-share,96.50,carried_forward,2026-08-07,,
2026-08-22,LegalSifter/ms-sign,,unavailable,2026-07-22,,
2026-08-22,LegalSifter/ms-storage,93.00,carried_forward,2026-08-11,,
2026-08-22,LegalSifter/workflows,,unavailable,2026-07-22,,
2026-08-23,LegalSifter/api-documents,80.60,fresh,2026-08-21,,
2026-08-23,LegalSifter/api-settings,,unavailable,2026-07-22,,
2026-08-23,LegalSifter/api-tickets,,unavailable,2026-07-22,,
2026-08-23,LegalSifter/automator,,unavailable,2026-08-21,,
2026-08-23,LegalSifter/control-bff,92.32,fresh,2026-08-21,,
2026-08-23,LegalSifter/go-mail,,unavailable,2026-07-22,,
2026-08-23,LegalSifter/go-microservices,83.30,fresh,2026-08-21,,
2026-08-23,LegalSifter/ls-review-fe,0.00,fresh,2026-08-22,,
2026-08-23,LegalSifter/ms-auth,,unavailable,2026-04-15,,
2026-08-23,LegalSifter/ms-billing,82.90,fresh,2026-08-19,,
2026-08-23,LegalSifter/ms-chat,,unavailable,2026-01-20,,
2026-08-23,LegalSifter/ms-playbook,80.30,fresh,2026-08-21,,
2026-08-23,LegalSifter/ms-profile,,unavailable,2026-07-22,,
2026-08-23,LegalSifter/ms-project,,unavailable,2025-12-09,,
2026-08-23,LegalSifter/ms-search,80.00,carried_forward,2026-08-07,,
2026-08-23,LegalSifter/ms-share,96.50,carried_forward,2026-08-07,,
2026-08-23,LegalSifter/ms-sign,,unavailable,2026-07-22,,
2026-08-23,LegalSifter/ms-storage,93.00,carried_forward,2026-08-11,,
2026-08-23,LegalSifter/workflows,,unavailable,2026-07-22,,
2026-08-24,LegalSifter/api-documents,80.60,fresh,2026-08-21,,
2026-08-24,LegalSifter/api-settings,,unavailable,2026-07-22,,
2026-08-24,LegalSifter/api-tickets,,unavailable,2026-07-22,,
2026-08-24,LegalSifter/automator,,unavailable,2026-08-21,,
2026-08-24,LegalSifter/control-bff,92.32,fresh,2026-08-21,,
2026-08-24,LegalSifter/go-mail,,unavailable,2026-07-22,,
2026-08-24,LegalSifter/go-microservices,83.30,fresh,2026-08-21,,
2026-08-24,LegalSifter/ls-review-fe,82.81,fresh,2026-08-22,,
2026-08-24,LegalSifter/ms-auth,,unavailable,2026-04-15,,
2026-08-24,LegalSifter/ms-billing,82.90,fresh,2026-08-19,,
2026-08-24,LegalSifter/ms-chat,,unavailable,2026-01-20,,
2026-08-24,LegalSifter/ms-playbook,80.30,fresh,2026-08-21,,
2026-08-24,LegalSifter/ms-profile,,unavailable,2026-07-22,,
2026-08-24,LegalSifter/ms-project,,unavailable,2025-12-09,,
2026-08-24,LegalSifter/ms-search,80.00,carried_forward,2026-08-07,,
2026-08-24,LegalSifter/ms-share,96.50,carried_forward,2026-08-07,,
2026-08-24,LegalSifter/ms-sign,,unavailable,2026-07-22,,
2026-08-24,LegalSifter/ms-storage,93.00,carried_forward,2026-08-11,,
2026-08-24,LegalSifter/workflows,,unavailable,2026-07-22,,
2026-08-25,LegalSifter/api-documents,80.60,fresh,2026-08-21,,
2026-08-25,LegalSifter/api-settings,,unavailable,2026-07-22,,
2026-08-25,LegalSifter/api-tickets,,unavailable,2026-07-22,,
2026-08-25,LegalSifter/automator,,unavailable,2026-08-24,,
2026-08-25,LegalSifter/control-bff,92.35,fresh,2026-08-24,,
2026-08-25,LegalSifter/go-mail,,unavailable,2026-07-22,,
2026-08-25,LegalSifter/go-microservices,83.30,fresh,2026-08-25,,
2026-08-25,LegalSifter/ls-review-fe,82.74,fresh,2026-08-24,,
2026-08-25,LegalSifter/ms-auth,,unavailable,2026-04-15,,
2026-08-25,LegalSifter/ms-billing,82.90,fresh,2026-08-19,,
2026-08-25,LegalSifter/ms-chat,,unavailable,2026-01-20,,
2026-08-25,LegalSifter/ms-playbook,80.30,fresh,2026-08-21,,
2026-08-25,LegalSifter/ms-profile,,unavailable,2026-07-22,,
2026-08-25,LegalSifter/ms-project,,unavailable,2025-12-09,,
2026-08-25,LegalSifter/ms-search,80.00,carried_forward,2026-08-07,,
2026-08-25,LegalSifter/ms-share,96.50,carried_forward,2026-08-07,,
2026-08-25,LegalSifter/ms-sign,,unavailable,2026-07-22,,
2026-08-25,LegalSifter/ms-storage,89.00,fresh,2026-08-24,,
2026-08-25,LegalSifter/workflows,,unavailable,2026-07-22,,
2026-08-26,LegalSifter/api-documents,80.60,fresh,2026-08-21,,
2026-08-26,LegalSifter/api-settings,,unavailable,2026-07-22,,
2026-08-26,LegalSifter/api-tickets,,unavailable,2026-07-22,,
2026-08-26,LegalSifter/automator,,unavailable,2026-08-25,,
2026-08-26,LegalSifter/control-bff,92.35,fresh,2026-08-24,,
2026-08-26,LegalSifter/go-mail,,unavailable,2026-07-22,,
2026-08-26,LegalSifter/go-microservices,83.30,fresh,2026-08-25,,
2026-08-26,LegalSifter/ls-review-fe,82.74,fresh,2026-08-24,,
2026-08-26,LegalSifter/ms-auth,,unavailable,2026-04-15,,
2026-08-26,LegalSifter/ms-billing,82.90,fresh,2026-08-19,,
2026-08-26,LegalSifter/ms-chat,,unavailable,2026-01-20,,
2026-08-26,LegalSifter/ms-playbook,80.30,fresh,2026-08-21,,
2026-08-26,LegalSifter/ms-profile,,unavailable,2026-07-22,,
2026-08-26,LegalSifter/ms-project,,unavailable,2025-12-09,,
2026-08-26,LegalSifter/ms-search,80.00,carried_forward,2026-08-07,,
2026-08-26,LegalSifter/ms-share,96.50,carried_forward,2026-08-07,,
2026-08-26,LegalSifter/ms-sign,,unavailable,2026-07-22,,
2026-08-26,LegalSifter/ms-storage,89.00,fresh,2026-08-25,,
2026-08-26,LegalSifter/workflows,,unavailable,2026-07-22,,
2026-08-27,LegalSifter/api-documents,80.60,fresh,2026-08-21,,
2026-08-27,LegalSifter/api-settings,,unavailable,2026-07-22,,
2026-08-27,LegalSifter/api-tickets,,unavailable,2026-07-22,,
2026-08-27,LegalSifter/automator,,unavailable,2026-08-25,,
2026-08-27,LegalSifter/control-bff,92.32,fresh,2026-08-24,,
2026-08-27,LegalSifter/go-mail,,unavailable,2026-07-22,,
2026-08-27,LegalSifter/go-microservices,83.30,fresh,2026-08-27,,
2026-08-27,LegalSifter/ls-review-fe,82.77,fresh,2026-08-24,,
2026-08-27,LegalSifter/ms-auth,88.00,fresh,2026-08-27,,
2026-08-27,LegalSifter/ms-billing,82.90,carried_forward,2026-08-19,,
2026-08-27,LegalSifter/ms-chat,,unavailable,2026-01-20,,
2026-08-27,LegalSifter/ms-playbook,80.30,carried_forward,2026-08-21,,
2026-08-27,LegalSifter/ms-profile,84.00,fresh,2026-08-27,,
2026-08-27,LegalSifter/ms-project,,unavailable,2025-12-09,,
2026-08-27,LegalSifter/ms-search,80.00,carried_forward,2026-08-07,,
2026-08-27,LegalSifter/ms-share,96.50,carried_forward,2026-08-07,,
2026-08-27,LegalSifter/ms-sign,,unavailable,2026-07-22,,
2026-08-27,LegalSifter/ms-storage,89.00,fresh,2026-08-25,,
2026-08-27,LegalSifter/workflows,,unavailable,2026-07-22,,
2026-08-28,LegalSifter/api-documents,80.60,carried_forward,2026-08-21,,
2026-08-28,LegalSifter/api-settings,,unavailable,2026-07-22,,
2026-08-28,LegalSifter/api-tickets,,unavailable,2026-07-22,,
2026-08-28,LegalSifter/automator,,unavailable,2026-08-28,,
2026-08-28,LegalSifter/control-bff,92.35,fresh,2026-08-24,,
2026-08-28,LegalSifter/go-mail,,unavailable,2026-07-22,,
2026-08-28,LegalSifter/go-microservices,83.30,fresh,2026-08-28,,
2026-08-28,LegalSifter/ls-review-fe,82.74,fresh,2026-08-24,,
2026-08-28,LegalSifter/ms-auth,88.00,fresh,2026-08-28,,
2026-08-28,LegalSifter/ms-billing,82.90,carried_forward,2026-08-19,,
2026-08-28,LegalSifter/ms-chat,,unavailable,2026-01-20,,
2026-08-28,LegalSifter/ms-playbook,80.30,carried_forward,2026-08-21,,
2026-08-28,LegalSifter/ms-profile,84.00,fresh,2026-08-28,,
2026-08-28,LegalSifter/ms-project,,unavailable,2025-12-09,,
2026-08-28,LegalSifter/ms-search,80.00,carried_forward,2026-08-07,,
2026-08-28,LegalSifter/ms-share,96.50,carried_forward,2026-08-07,,
2026-08-28,LegalSifter/ms-sign,,unavailable,2026-07-22,,
2026-08-28,LegalSifter/ms-storage,89.00,fresh,2026-08-25,,
2026-08-28,LegalSifter/workflows,,unavailable,2026-07-22,,
2026-08-29,LegalSifter/api-documents,80.60,carried_forward,2026-08-21,,
2026-08-29,LegalSifter/api-settings,,unavailable,2026-07-22,,
2026-08-29,LegalSifter/api-tickets,,unavailable,2026-07-22,,
2026-08-29,LegalSifter/automator,,unavailable,2026-08-28,,
2026-08-29,LegalSifter/control-bff,92.35,fresh,2026-08-24,,
2026-08-29,LegalSifter/go-mail,,unavailable,2026-07-22,,
2026-08-29,LegalSifter/go-microservices,83.30,fresh,2026-08-28,,
2026-08-29,LegalSifter/ls-review-fe,82.74,fresh,2026-08-24,,
2026-08-29,LegalSifter/ms-auth,88.00,fresh,2026-08-28,,
2026-08-29,LegalSifter/ms-billing,82.90,carried_forward,2026-08-19,,
2026-08-29,LegalSifter/ms-chat,,unavailable,2026-01-20,,
2026-08-29,LegalSifter/ms-playbook,80.30,carried_forward,2026-08-21,,
2026-08-29,LegalSifter/ms-profile,84.00,fresh,2026-08-28,,
2026-08-29,LegalSifter/ms-project,,unavailable,2025-12-09,,
2026-08-29,LegalSifter/ms-search,80.00,carried_forward,2026-08-07,,
2026-08-29,LegalSifter/ms-share,96.50,carried_forward,2026-08-07,,
2026-08-29,LegalSifter/ms-sign,,unavailable,2026-07-22,,
2026-08-29,LegalSifter/ms-storage,89.00,fresh,2026-08-25,,
2026-08-29,LegalSifter/workflows,,unavailable,2026-07-22,,
2026-08-30,LegalSifter/api-documents,80.60,carried_forward,2026-08-21,,
2026-08-30,LegalSifter/api-settings,,unavailable,2026-07-22,,
2026-08-30,LegalSifter/api-tickets,,unavailable,2026-07-22,,
2026-08-30,LegalSifter/automator,,unavailable,2026-08-28,,
2026-08-30,LegalSifter/control-bff,92.35,fresh,2026-08-24,,
2026-08-30,LegalSifter/go-mail,,unavailable,2026-07-22,,
2026-08-30,LegalSifter/go-microservices,83.30,fresh,2026-08-28,,
2026-08-30,LegalSifter/ls-review-fe,82.74,fresh,2026-08-24,,
2026-08-30,LegalSifter/ms-auth,88.00,fresh,2026-08-28,,
2026-08-30,LegalSifter/ms-billing,82.90,carried_forward,2026-08-19,,
2026-08-30,LegalSifter/ms-chat,,unavailable,2026-01-20,,
2026-08-30,LegalSifter/ms-playbook,80.30,carried_forward,2026-08-21,,
2026-08-30,LegalSifter/ms-profile,84.00,fresh,2026-08-28,,
2026-08-30,LegalSifter/ms-project,,unavailable,2025-12-09,,
2026-08-30,LegalSifter/ms-search,80.00,carried_forward,2026-08-07,,
2026-08-30,LegalSifter/ms-share,96.50,carried_forward,2026-08-07,,
2026-08-30,LegalSifter/ms-sign,,unavailable,2026-07-22,,
2026-08-30,LegalSifter/ms-storage,89.00,fresh,2026-08-25,,
2026-08-30,LegalSifter/workflows,,unavailable,2026-07-22,,
2026-08-31,LegalSifter/api-documents,80.60,carried_forward,2026-08-21,,
2026-08-31,LegalSifter/api-settings,,unavailable,2026-07-22,,
2026-08-31,LegalSifter/api-tickets,,unavailable,2026-07-22,,
2026-08-31,LegalSifter/automator,,unavailable,2026-08-28,,
2026-08-31,LegalSifter/control-bff,92.32,fresh,2026-08-31,,
2026-08-31,LegalSifter/go-mail,,unavailable,2026-07-22,,
2026-08-31,LegalSifter/go-microservices,83.30,fresh,2026-08-31,,
2026-08-31,LegalSifter/ls-review-fe,82.81,fresh,2026-08-31,,
2026-08-31,LegalSifter/ms-auth,88.00,fresh,2026-08-28,,
2026-08-31,LegalSifter/ms-billing,82.90,carried_forward,2026-08-19,,
2026-08-31,LegalSifter/ms-chat,,unavailable,2026-01-20,,
2026-08-31,LegalSifter/ms-playbook,80.30,carried_forward,2026-08-21,,
2026-08-31,LegalSifter/ms-profile,84.00,carried_forward,2026-08-28,,
2026-08-31,LegalSifter/ms-project,,unavailable,2025-12-09,,
2026-08-31,LegalSifter/ms-search,80.00,carried_forward,2026-08-07,,
2026-08-31,LegalSifter/ms-share,96.50,carried_forward,2026-08-07,,
2026-08-31,LegalSifter/ms-sign,,unavailable,2026-07-22,,
2026-08-31,LegalSifter/ms-storage,89.00,fresh,2026-08-25,,
2026-08-31,LegalSifter/workflows,,unavailable,2026-07-22,,
2026-09-01,LegalSifter/api-documents,80.60,carried_forward,2026-08-31,,
2026-09-01,LegalSifter/api-settings,,unavailable,2026-08-31,,
2026-09-01,LegalSifter/api-tickets,80.50,fresh,2026-08-31,,
2026-09-01,LegalSifter/automator,,unavailable,2026-08-31,,
2026-09-01,LegalSifter/control-bff,92.32,fresh,2026-08-31,,
2026-09-01,LegalSifter/go-mail,,unavailable,2026-08-31,,
2026-09-01,LegalSifter/go-microservices,83.30,fresh,2026-08-31,,
2026-09-01,LegalSifter/ls-review-fe,82.77,fresh,2026-08-31,,
2026-09-01,LegalSifter/ms-auth,88.00,fresh,2026-08-28,,
2026-09-01,LegalSifter/ms-billing,82.90,fresh,2026-08-31,,
2026-09-01,LegalSifter/ms-chat,,unavailable,2026-01-20,,
2026-09-01,LegalSifter/ms-playbook,80.30,fresh,2026-08-31,,
2026-09-01,LegalSifter/ms-profile,84.00,fresh,2026-08-28,,
2026-09-01,LegalSifter/ms-project,,unavailable,2025-12-09,,
2026-09-01,LegalSifter/ms-search,80.00,fresh,2026-08-31,,
2026-09-01,LegalSifter/ms-share,96.50,fresh,2026-08-31,,
2026-09-01,LegalSifter/ms-sign,85.10,fresh,2026-08-31,,
2026-09-01,LegalSifter/ms-storage,89.00,fresh,2026-08-25,,
2026-09-01,LegalSifter/workflows,80.60,fresh,2026-08-31,,
2026-09-02,LegalSifter/api-documents,80.60,fresh,2026-08-31,,
2026-09-02,LegalSifter/api-settings,,unavailable,2026-08-31,,
2026-09-02,LegalSifter/api-tickets,80.50,fresh,2026-08-31,,
2026-09-02,LegalSifter/automator,,unavailable,2026-08-31,,
2026-09-02,LegalSifter/control-bff,92.35,fresh,2026-08-31,,
2026-09-02,LegalSifter/go-mail,,unavailable,2026-08-31,,
2026-09-02,LegalSifter/go-microservices,83.30,fresh,2026-08-31,,
2026-09-02,LegalSifter/ls-review-fe,82.66,fresh,2026-09-02,,
2026-09-02,LegalSifter/ms-auth,88.00,fresh,2026-08-28,,
2026-09-02,LegalSifter/ms-billing,82.90,fresh,2026-08-31,,
2026-09-02,LegalSifter/ms-chat,,unavailable,2026-01-20,,
2026-09-02,LegalSifter/ms-playbook,80.30,fresh,2026-08-31,,
2026-09-02,LegalSifter/ms-profile,84.00,fresh,2026-09-01,,
2026-09-02,LegalSifter/ms-project,,unavailable,2025-12-09,,
2026-09-02,LegalSifter/ms-search,80.00,fresh,2026-08-31,,
2026-09-02,LegalSifter/ms-share,96.50,carried_forward,2026-08-31,,
2026-09-02,LegalSifter/ms-sign,85.10,fresh,2026-08-31,,
2026-09-02,LegalSifter/ms-storage,89.00,carried_forward,2026-08-25,,
2026-09-02,LegalSifter/workflows,80.60,carried_forward,2026-08-31,,
2026-09-03,LegalSifter/api-documents,80.60,fresh,2026-09-02,,
2026-09-03,LegalSifter/api-settings,,unavailable,2026-08-31,,
2026-09-03,LegalSifter/api-tickets,80.50,fresh,2026-09-02,,
2026-09-03,LegalSifter/automator,,unavailable,2026-09-02,,
2026-09-03,LegalSifter/control-bff,92.35,fresh,2026-09-03,,
2026-09-03,LegalSifter/go-mail,,unavailable,2026-08-31,,
2026-09-03,LegalSifter/go-microservices,83.30,fresh,2026-09-02,,
2026-09-03,LegalSifter/ls-review-fe,82.81,fresh,2026-09-03,,
2026-09-03,LegalSifter/ms-auth,88.00,fresh,2026-09-02,,
2026-09-03,LegalSifter/ms-billing,82.90,fresh,2026-08-31,,
2026-09-03,LegalSifter/ms-chat,,unavailable,2026-01-20,,
2026-09-03,LegalSifter/ms-playbook,80.30,fresh,2026-09-02,,
2026-09-03,LegalSifter/ms-profile,84.00,fresh,2026-09-02,,
2026-09-03,LegalSifter/ms-project,,unavailable,2025-12-09,,
2026-09-03,LegalSifter/ms-search,80.00,fresh,2026-09-02,,
2026-09-03,LegalSifter/ms-share,96.50,carried_forward,2026-09-02,,
2026-09-03,LegalSifter/ms-sign,85.10,fresh,2026-09-02,,
2026-09-03,LegalSifter/ms-storage,89.00,fresh,2026-09-02,,
2026-09-03,LegalSifter/workflows,80.60,fresh,2026-09-02,,
2026-09-04,LegalSifter/api-documents,80.60,fresh,2026-09-02,,
2026-09-04,LegalSifter/api-settings,,unavailable,2026-08-31,,
2026-09-04,LegalSifter/api-tickets,80.50,carried_forward,2026-09-02,,
2026-09-04,LegalSifter/automator,,unavailable,2026-09-02,,
2026-09-04,LegalSifter/control-bff,92.35,fresh,2026-09-03,,
2026-09-04,LegalSifter/go-mail,,unavailable,2026-09-03,,
2026-09-04,LegalSifter/go-microservices,83.30,carried_forward,2026-09-04,,
2026-09-04,LegalSifter/ls-review-fe,82.81,fresh,2026-09-03,,
2026-09-04,LegalSifter/ms-auth,88.00,fresh,2026-09-02,,
2026-09-04,LegalSifter/ms-billing,82.90,fresh,2026-08-31,,
2026-09-04,LegalSifter/ms-chat,,unavailable,2026-01-20,,
2026-09-04,LegalSifter/ms-playbook,80.30,carried_forward,2026-09-02,,
2026-09-04,LegalSifter/ms-profile,84.00,fresh,2026-09-02,,
2026-09-04,LegalSifter/ms-project,,unavailable,2025-12-09,,
2026-09-04,LegalSifter/ms-search,80.00,fresh,2026-09-02,,
2026-09-04,LegalSifter/ms-share,96.50,carried_forward,2026-09-02,,
2026-09-04,LegalSifter/ms-sign,85.10,fresh,2026-09-02,,
2026-09-04,LegalSifter/ms-storage,89.00,fresh,2026-09-02,,
2026-09-04,LegalSifter/workflows,80.60,fresh,2026-09-02,,
2026-09-05,LegalSifter/api-documents,80.60,fresh,2026-09-02,,
2026-09-05,LegalSifter/api-settings,,unavailable,2026-08-31,,
2026-09-05,LegalSifter/api-tickets,80.50,fresh,2026-09-02,,
2026-09-05,LegalSifter/automator,,unavailable,2026-09-02,,
2026-09-05,LegalSifter/control-bff,92.35,fresh,2026-09-03,,
2026-09-05,LegalSifter/go-mail,,unavailable,2026-09-03,,
2026-09-05,LegalSifter/go-microservices,83.30,carried_forward,2026-09-04,,
2026-09-05,LegalSifter/ls-review-fe,82.81,fresh,2026-09-04,,
2026-09-05,LegalSifter/ms-auth,88.00,carried_forward,2026-09-02,,
2026-09-05,LegalSifter/ms-billing,82.90,fresh,2026-08-31,,
2026-09-05,LegalSifter/ms-chat,,unavailable,2026-01-20,,
2026-09-05,LegalSifter/ms-playbook,80.30,fresh,2026-09-02,,
2026-09-05,LegalSifter/ms-profile,84.00,fresh,2026-09-04,,
2026-09-05,LegalSifter/ms-project,,unavailable,2025-12-09,,
2026-09-05,LegalSifter/ms-search,80.00,fresh,2026-09-02,,
2026-09-05,LegalSifter/ms-share,96.50,fresh,2026-09-02,,
2026-09-05,LegalSifter/ms-sign,85.10,fresh,2026-09-02,,
2026-09-05,LegalSifter/ms-storage,89.00,fresh,2026-09-02,,
2026-09-05,LegalSifter/workflows,80.60,fresh,2026-09-02,,
2026-09-06,LegalSifter/api-documents,80.60,fresh,2026-09-02,,
2026-09-06,LegalSifter/api-settings,,unavailable,2026-08-31,,
2026-09-06,LegalSifter/api-tickets,80.50,fresh,2026-09-02,,
2026-09-06,LegalSifter/automator,,unavailable,2026-09-02,,
2026-09-06,LegalSifter/control-bff,92.35,fresh,2026-09-03,,
2026-09-06,LegalSifter/go-mail,,unavailable,2026-09-03,,
2026-09-06,LegalSifter/go-microservices,83.30,carried_forward,2026-09-04,,
2026-09-06,LegalSifter/ls-review-fe,82.81,fresh,2026-09-04,,
2026-09-06,LegalSifter/ms-auth,88.00,fresh,2026-09-02,,
2026-09-06,LegalSifter/ms-billing,82.90,fresh,2026-08-31,,
2026-09-06,LegalSifter/ms-chat,,unavailable,2026-01-20,,
2026-09-06,LegalSifter/ms-playbook,80.30,fresh,2026-09-02,,
2026-09-06,LegalSifter/ms-profile,84.00,fresh,2026-09-04,,
2026-09-06,LegalSifter/ms-project,,unavailable,2025-12-09,,
2026-09-06,LegalSifter/ms-search,80.00,fresh,2026-09-02,,
2026-09-06,LegalSifter/ms-share,96.50,fresh,2026-09-02,,
2026-09-06,LegalSifter/ms-sign,85.10,fresh,2026-09-02,,
2026-09-06,LegalSifter/ms-storage,89.00,fresh,2026-09-02,,
2026-09-06,LegalSifter/workflows,80.60,fresh,2026-09-02,,
2026-09-07,LegalSifter/api-documents,80.60,fresh,2026-09-02,,
2026-09-07,LegalSifter/api-settings,,unavailable,2026-08-31,,
2026-09-07,LegalSifter/api-tickets,80.50,fresh,2026-09-02,,
2026-09-07,LegalSifter/automator,,unavailable,2026-09-02,,
2026-09-07,LegalSifter/control-bff,92.35,fresh,2026-09-06,,
2026-09-07,LegalSifter/go-mail,,unavailable,2026-09-03,,
2026-09-07,LegalSifter/go-microservices,83.30,carried_forward,2026-09-04,,
2026-09-07,LegalSifter/ls-review-fe,82.81,fresh,2026-09-04,,
2026-09-07,LegalSifter/ms-auth,88.00,fresh,2026-09-02,,
2026-09-07,LegalSifter/ms-billing,82.90,fresh,2026-08-31,,
2026-09-07,LegalSifter/ms-chat,,unavailable,2026-01-20,,
2026-09-07,LegalSifter/ms-playbook,80.30,fresh,2026-09-02,,
2026-09-07,LegalSifter/ms-profile,84.00,fresh,2026-09-04,,
2026-09-07,LegalSifter/ms-project,,unavailable,2025-12-09,,
2026-09-07,LegalSifter/ms-search,80.00,fresh,2026-09-02,,
2026-09-07,LegalSifter/ms-share,96.50,fresh,2026-09-02,,
2026-09-07,LegalSifter/ms-sign,85.10,fresh,2026-09-02,,
2026-09-07,LegalSifter/ms-storage,89.00,fresh,2026-09-02,,
2026-09-07,LegalSifter/workflows,80.60,fresh,2026-09-02,,
2026-09-08,LegalSifter/api-documents,80.60,fresh,2026-09-02,,
2026-09-08,LegalSifter/api-settings,,unavailable,2026-08-31,,
2026-09-08,LegalSifter/api-tickets,80.50,fresh,2026-09-02,,
2026-09-08,LegalSifter/automator,,unavailable,2026-09-02,,
2026-09-08,LegalSifter/control-bff,92.35,fresh,2026-09-06,,
2026-09-08,LegalSifter/go-mail,,unavailable,2026-09-03,,
2026-09-08,LegalSifter/go-microservices,83.30,carried_forward,2026-09-07,,
2026-09-08,LegalSifter/ls-review-fe,82.81,fresh,2026-09-04,,
2026-09-08,LegalSifter/ms-auth,88.00,fresh,2026-09-02,,
2026-09-08,LegalSifter/ms-billing,82.90,fresh,2026-08-31,,
2026-09-08,LegalSifter/ms-chat,,unavailable,2026-01-20,,
2026-09-08,LegalSifter/ms-playbook,80.30,fresh,2026-09-02,,
2026-09-08,LegalSifter/ms-profile,84.00,fresh,2026-09-04,,
2026-09-08,LegalSifter/ms-project,,unavailable,2025-12-09,,
2026-09-08,LegalSifter/ms-search,80.00,fresh,2026-09-02,,
2026-09-08,LegalSifter/ms-share,96.50,carried_forward,2026-09-02,,
2026-09-08,LegalSifter/ms-sign,85.10,fresh,2026-09-02,,
2026-09-08,LegalSifter/ms-storage,89.00,fresh,2026-09-02,,
2026-09-08,LegalSifter/workflows,80.60,fresh,2026-09-02,,
2026-09-09,LegalSifter/api-documents,80.60,fresh,2026-09-02,,
2026-09-09,LegalSifter/api-settings,,unavailable,2026-08-31,,
2026-09-09,LegalSifter/api-tickets,80.50,fresh,2026-09-02,,
2026-09-09,LegalSifter/automator,,unavailable,2026-09-02,,
2026-09-09,LegalSifter/control-bff,92.35,fresh,2026-09-08,,
2026-09-09,LegalSifter/go-mail,,unavailable,2026-09-08,,
2026-09-09,LegalSifter/go-microservices,83.30,carried_forward,2026-09-08,,
2026-09-09,LegalSifter/ls-review-fe,82.81,fresh,2026-09-08,,
2026-09-09,LegalSifter/ms-auth,88.00,fresh,2026-09-02,,
2026-09-09,LegalSifter/ms-billing,82.90,fresh,2026-08-31,,
2026-09-09,LegalSifter/ms-chat,,unavailable,2026-01-20,,
2026-09-09,LegalSifter/ms-playbook,80.30,carried_forward,2026-09-02,,
2026-09-09,LegalSifter/ms-profile,84.00,fresh,2026-09-04,,
2026-09-09,LegalSifter/ms-project,,unavailable,2025-12-09,,
2026-09-09,LegalSifter/ms-search,80.00,fresh,2026-09-02,,
2026-09-09,LegalSifter/ms-share,96.50,carried_forward,2026-09-02,,
2026-09-09,LegalSifter/ms-sign,85.10,fresh,2026-09-02,,
2026-09-09,LegalSifter/ms-storage,89.00,fresh,2026-09-02,,
2026-09-09,LegalSifter/workflows,80.60,fresh,2026-09-02,,
2026-09-10,LegalSifter/api-documents,80.60,carried_forward,2026-09-02,,
2026-09-10,LegalSifter/api-settings,,unavailable,2026-08-31,,
2026-09-10,LegalSifter/api-tickets,80.50,carried_forward,2026-09-02,,
2026-09-10,LegalSifter/automator,,unavailable,2026-09-02,,
2026-09-10,LegalSifter/control-bff,92.32,fresh,2026-09-09,,
2026-09-10,LegalSifter/go-mail,,unavailable,2026-09-09,,
2026-09-10,LegalSifter/go-microservices,83.30,carried_forward,2026-09-08,,
2026-09-10,LegalSifter/ls-review-fe,82.81,fresh,2026-09-08,,
2026-09-10,LegalSifter/ms-auth,88.00,carried_forward,2026-09-02,,
2026-09-10,LegalSifter/ms-billing,82.90,carried_forward,2026-08-31,,
2026-09-10,LegalSifter/ms-chat,,unavailable,2026-01-20,,
2026-09-10,LegalSifter/ms-playbook,80.30,carried_forward,2026-09-02,,
2026-09-10,LegalSifter/ms-profile,84.00,fresh,2026-09-09,,
2026-09-10,LegalSifter/ms-project,,unavailable,2025-12-09,,
2026-09-10,LegalSifter/ms-search,80.00,carried_forward,2026-09-02,,
2026-09-10,LegalSifter/ms-share,96.50,carried_forward,2026-09-02,,
2026-09-10,LegalSifter/ms-sign,85.10,carried_forward,2026-09-02,,
2026-09-10,LegalSifter/ms-storage,87.00,fresh,2026-09-09,,
2026-09-10,LegalSifter/workflows,80.60,carried_forward,2026-09-02,,
2026-09-11,LegalSifter/api-documents,80.60,carried_forward,2026-09-02,,
2026-09-11,LegalSifter/api-settings,,unavailable,2026-08-31,,
2026-09-11,LegalSifter/api-tickets,80.50,carried_forward,2026-09-02,,
2026-09-11,LegalSifter/automator,,unavailable,2026-09-10,,
2026-09-11,LegalSifter/control-bff,92.35,fresh,2026-09-09,,
2026-09-11,LegalSifter/go-mail,,unavailable,2026-09-09,,
2026-09-11,LegalSifter/go-microservices,83.30,carried_forward,2026-09-08,,
2026-09-11,LegalSifter/ls-review-fe,82.81,fresh,2026-09-11,,
2026-09-11,LegalSifter/ms-auth,88.00,carried_forward,2026-09-02,,
2026-09-11,LegalSifter/ms-billing,82.90,carried_forward,2026-08-31,,
2026-09-11,LegalSifter/ms-chat,,unavailable,2026-01-20,,
2026-09-11,LegalSifter/ms-playbook,80.30,carried_forward,2026-09-02,,
2026-09-11,LegalSifter/ms-profile,85.00,fresh,2026-09-11,,
2026-09-11,LegalSifter/ms-project,,unavailable,2025-12-09,,
2026-09-11,LegalSifter/ms-search,80.00,carried_forward,2026-09-02,,
2026-09-11,LegalSifter/ms-share,96.50,carried_forward,2026-09-02,,
2026-09-11,LegalSifter/ms-sign,85.10,carried_forward,2026-09-02,,
2026-09-11,LegalSifter/ms-storage,86.00,fresh,2026-09-10,,
2026-09-11,LegalSifter/workflows,80.60,carried_forward,2026-09-02,,
2026-09-12,LegalSifter/api-documents,80.60,carried_forward,2026-09-02,,
2026-09-12,LegalSifter/api-settings,,unavailable,2026-08-31,,
2026-09-12,LegalSifter/api-tickets,80.50,carried_forward,2026-09-02,,
2026-09-12,LegalSifter/automator,,unavailable,2026-09-11,,
2026-09-12,LegalSifter/control-bff,92.35,fresh,2026-09-09,,
2026-09-12,LegalSifter/go-mail,,unavailable,2026-09-09,,
2026-09-12,LegalSifter/go-microservices,83.30,carried_forward,2026-09-12,,
2026-09-12,LegalSifter/ls-review-fe,82.81,fresh,2026-09-11,,
2026-09-12,LegalSifter/ms-auth,88.00,carried_forward,2026-09-02,,
2026-09-12,LegalSifter/ms-billing,82.90,carried_forward,2026-08-31,,
2026-09-12,LegalSifter/ms-chat,,unavailable,2026-01-20,,
2026-09-12,LegalSifter/ms-playbook,80.30,carried_forward,2026-09-02,,
2026-09-12,LegalSifter/ms-profile,85.00,fresh,2026-09-11,,
2026-09-12,LegalSifter/ms-project,,unavailable,2025-12-09,,
2026-09-12,LegalSifter/ms-search,80.00,carried_forward,2026-09-02,,
2026-09-12,LegalSifter/ms-share,96.50,carried_forward,2026-09-02,,
2026-09-12,LegalSifter/ms-sign,85.10,carried_forward,2026-09-02,,
2026-09-12,LegalSifter/ms-storage,86.00,fresh,2026-09-11,,
2026-09-12,LegalSifter/workflows,80.60,carried_forward,2026-09-02,,
2026-09-13,LegalSifter/api-documents,80.60,carried_forward,2026-09-02,,
2026-09-13,LegalSifter/api-settings,,unavailable,2026-08-31,,
2026-09-13,LegalSifter/api-tickets,80.50,carried_forward,2026-09-02,,
2026-09-13,LegalSifter/automator,,unavailable,2026-09-11,,
2026-09-13,LegalSifter/control-bff,92.35,fresh,2026-09-09,,
2026-09-13,LegalSifter/go-mail,,unavailable,2026-09-09,,
2026-09-13,LegalSifter/go-microservices,83.30,carried_forward,2026-09-12,,
2026-09-13,LegalSifter/ls-review-fe,82.81,fresh,2026-09-11,,
2026-09-13,LegalSifter/ms-auth,88.00,carried_forward,2026-09-02,,
2026-09-13,LegalSifter/ms-billing,82.90,carried_forward,2026-08-31,,
2026-09-13,LegalSifter/ms-chat,,unavailable,2026-01-20,,
2026-09-13,LegalSifter/ms-playbook,80.30,carried_forward,2026-09-02,,
2026-09-13,LegalSifter/ms-profile,85.00,fresh,2026-09-11,,
2026-09-13,LegalSifter/ms-project,,unavailable,2025-12-09,,
2026-09-13,LegalSifter/ms-search,80.00,carried_forward,2026-09-02,,
2026-09-13,LegalSifter/ms-share,96.50,carried_forward,2026-09-02,,
2026-09-13,LegalSifter/ms-sign,85.10,carried_forward,2026-09-02,,
2026-09-13,LegalSifter/ms-storage,86.00,fresh,2026-09-11,,
2026-09-13,LegalSifter/workflows,80.60,carried_forward,2026-09-02,,
2026-09-14,LegalSifter/api-documents,80.60,carried_forward,2026-09-02,,
2026-09-14,LegalSifter/api-settings,,unavailable,2026-08-31,,
2026-09-14,LegalSifter/api-tickets,80.50,carried_forward,2026-09-02,,
2026-09-14,LegalSifter/automator,,unavailable,2026-09-11,,
2026-09-14,LegalSifter/control-bff,92.32,fresh,2026-09-09,,
2026-09-14,LegalSifter/go-mail,,unavailable,2026-09-09,,
2026-09-14,LegalSifter/go-microservices,83.30,carried_forward,2026-09-14,,
2026-09-14,LegalSifter/ls-review-fe,82.81,fresh,2026-09-11,,
2026-09-14,LegalSifter/ms-auth,88.00,carried_forward,2026-09-02,,
2026-09-14,LegalSifter/ms-billing,82.90,carried_forward,2026-08-31,,
2026-09-14,LegalSifter/ms-chat,,unavailable,2026-01-20,,
2026-09-14,LegalSifter/ms-playbook,80.30,carried_forward,2026-09-02,,
2026-09-14,LegalSifter/ms-profile,85.00,fresh,2026-09-11,,
2026-09-14,LegalSifter/ms-project,,unavailable,2025-12-09,,
2026-09-14,LegalSifter/ms-search,80.00,carried_forward,2026-09-02,,
2026-09-14,LegalSifter/ms-share,96.50,carried_forward,2026-09-02,,
2026-09-14,LegalSifter/ms-sign,85.10,carried_forward,2026-09-02,,
2026-09-14,LegalSifter/ms-storage,86.00,fresh,2026-09-11,,
2026-09-14,LegalSifter/workflows,80.60,carried_forward,2026-09-02,,
2026-09-15,LegalSifter/api-documents,80.60,carried_forward,2026-09-02,,
2026-09-15,LegalSifter/api-settings,,unavailable,2026-08-31,,
2026-09-15,LegalSifter/api-tickets,80.50,carried_forward,2026-09-02,,
2026-09-15,LegalSifter/automator,,unavailable,2026-09-11,,
2026-09-15,LegalSifter/control-bff,92.32,fresh,2026-09-15,,
2026-09-15,LegalSifter/go-mail,,unavailable,2026-09-09,,
2026-09-15,LegalSifter/go-microservices,83.30,carried_forward,2026-09-15,,
2026-09-15,LegalSifter/ls-review-fe,82.86,fresh,2026-09-15,,
2026-09-15,LegalSifter/ms-auth,88.00,carried_forward,2026-09-02,,
2026-09-15,LegalSifter/ms-billing,82.90,carried_forward,2026-08-31,,
2026-09-15,LegalSifter/ms-chat,,unavailable,2026-01-20,,
2026-09-15,LegalSifter/ms-playbook,80.30,carried_forward,2026-09-02,,
2026-09-15,LegalSifter/ms-profile,85.00,fresh,2026-09-14,,
2026-09-15,LegalSifter/ms-project,,unavailable,2025-12-09,,
2026-09-15,LegalSifter/ms-search,80.00,carried_forward,2026-09-02,,
2026-09-15,LegalSifter/ms-share,96.50,carried_forward,2026-09-02,,
2026-09-15,LegalSifter/ms-sign,85.10,carried_forward,2026-09-02,,
2026-09-15,LegalSifter/ms-storage,86.00,fresh,2026-09-11,,
2026-09-15,LegalSifter/workflows,80.60,carried_forward,2026-09-02,,
2026-09-16,LegalSifter/api-documents,80.60,carried_forward,2026-09-15,,
2026-09-16,LegalSifter/api-settings,,unavailable,2026-08-31,,
2026-09-16,LegalSifter/api-tickets,80.50,carried_forward,2026-09-02,,
2026-09-16,LegalSifter/automator,,unavailable,2026-09-11,,
2026-09-16,LegalSifter/control-bff,92.32,fresh,2026-09-15,,
2026-09-16,LegalSifter/go-mail,,unavailable,2026-09-09,,
2026-09-16,LegalSifter/go-microservices,83.30,carried_forward,2026-09-15,,
2026-09-16,LegalSifter/ls-review-fe,82.81,fresh,2026-09-15,,
2026-09-16,LegalSifter/ms-auth,88.00,carried_forward,2026-09-02,,
2026-09-16,LegalSifter/ms-billing,82.90,carried_forward,2026-08-31,,
2026-09-16,LegalSifter/ms-chat,,unavailable,2026-01-20,,
2026-09-16,LegalSifter/ms-playbook,80.30,carried_forward,2026-09-02,,
2026-09-16,LegalSifter/ms-profile,84.00,fresh,2026-09-15,,
2026-09-16,LegalSifter/ms-project,,unavailable,2025-12-09,,
2026-09-16,LegalSifter/ms-search,80.00,carried_forward,2026-09-02,,
2026-09-16,LegalSifter/ms-share,96.50,carried_forward,2026-09-02,,
2026-09-16,LegalSifter/ms-sign,85.10,carried_forward,2026-09-02,,
2026-09-16,LegalSifter/ms-storage,99.00,fresh,2026-09-15,,
2026-09-16,LegalSifter/workflows,80.60,carried_forward,2026-09-02,,
2026-09-17,LegalSifter/api-documents,80.60,carried_forward,2026-09-15,,
2026-09-17,LegalSifter/api-settings,,unavailable,2026-08-31,,
2026-09-17,LegalSifter/api-tickets,80.50,carried_forward,2026-09-02,,
2026-09-17,LegalSifter/automator,,unavailable,2026-09-16,,
2026-09-17,LegalSifter/control-bff,92.32,fresh,2026-09-16,,
2026-09-17,LegalSifter/go-mail,,unavailable,2026-09-16,,
2026-09-17,LegalSifter/go-microservices,83.30,carried_forward,2026-09-17,,
2026-09-17,LegalSifter/ls-review-fe,82.86,fresh,2026-09-16,,
2026-09-17,LegalSifter/ms-auth,88.00,carried_forward,2026-09-02,,
2026-09-17,LegalSifter/ms-billing,82.90,carried_forward,2026-08-31,,
2026-09-17,LegalSifter/ms-chat,,unavailable,2026-01-20,,
2026-09-17,LegalSifter/ms-playbook,80.30,carried_forward,2026-09-02,,
2026-09-17,LegalSifter/ms-profile,85.00,fresh,2026-09-16,,
2026-09-17,LegalSifter/ms-project,,unavailable,2025-12-09,,
2026-09-17,LegalSifter/ms-search,80.00,carried_forward,2026-09-02,,
2026-09-17,LegalSifter/ms-share,96.50,carried_forward,2026-09-02,,
2026-09-17,LegalSifter/ms-sign,85.10,carried_forward,2026-09-02,,
2026-09-17,LegalSifter/ms-storage,86.00,fresh,2026-09-16,,
2026-09-17,LegalSifter/workflows,80.60,carried_forward,2026-09-02,,
2026-09-18,LegalSifter/api-documents,80.60,carried_forward,2026-09-17,,
2026-09-18,LegalSifter/api-settings,,unavailable,2026-08-31,,
2026-09-18,LegalSifter/api-tickets,80.50,carried_forward,2026-09-02,,
2026-09-18,LegalSifter/automator,,unavailable,2026-09-16,,
2026-09-18,LegalSifter/control-bff,92.32,fresh,2026-09-17,,
2026-09-18,LegalSifter/go-mail,,unavailable,2026-09-16,,
2026-09-18,LegalSifter/go-microservices,83.30,carried_forward,2026-09-18,,
2026-09-18,LegalSifter/ls-review-fe,82.86,fresh,2026-09-17,,
2026-09-18,LegalSifter/ms-auth,88.00,carried_forward,2026-09-02,,
2026-09-18,LegalSifter/ms-billing,82.90,carried_forward,2026-08-31,,
2026-09-18,LegalSifter/ms-chat,94.00,fresh,2026-09-17,,
2026-09-18,LegalSifter/ms-playbook,80.30,carried_forward,2026-09-02,,
2026-09-18,LegalSifter/ms-profile,85.00,fresh,2026-09-16,,
2026-09-18,LegalSifter/ms-project,,unavailable,2025-12-09,,
2026-09-18,LegalSifter/ms-search,80.00,carried_forward,2026-09-02,,
2026-09-18,LegalSifter/ms-share,96.50,carried_forward,2026-09-02,,
2026-09-18,LegalSifter/ms-sign,85.10,carried_forward,2026-09-02,,
2026-09-18,LegalSifter/ms-storage,86.00,carried_forward,2026-09-17,,
2026-09-18,LegalSifter/workflows,80.60,carried_forward,2026-09-02,,
2026-09-19,LegalSifter/api-documents,80.40,fresh,2026-09-17,,
2026-09-19,LegalSifter/api-settings,,unavailable,2026-08-31,,
2026-09-19,LegalSifter/api-tickets,80.50,carried_forward,2026-09-02,,
2026-09-19,LegalSifter/automator,,unavailable,2026-09-16,,
2026-09-19,LegalSifter/control-bff,92.32,fresh,2026-09-17,,
2026-09-19,LegalSifter/go-mail,,unavailable,2026-09-16,,
2026-09-19,LegalSifter/go-microservices,83.30,carried_forward,2026-09-18,,
2026-09-19,LegalSifter/ls-review-fe,82.86,fresh,2026-09-17,,
2026-09-19,LegalSifter/ms-auth,88.00,carried_forward,2026-09-02,,
2026-09-19,LegalSifter/ms-billing,82.90,carried_forward,2026-08-31,,
2026-09-19,LegalSifter/ms-chat,94.00,fresh,2026-09-18,,
2026-09-19,LegalSifter/ms-playbook,80.30,carried_forward,2026-09-02,,
2026-09-19,LegalSifter/ms-profile,85.00,fresh,2026-09-18,,
2026-09-19,LegalSifter/ms-project,,unavailable,2025-12-09,,
2026-09-19,LegalSifter/ms-search,80.00,carried_forward,2026-09-02,,
2026-09-19,LegalSifter/ms-share,96.50,carried_forward,2026-09-02,,
2026-09-19,LegalSifter/ms-sign,85.10,carried_forward,2026-09-02,,
2026-09-19,LegalSifter/ms-storage,99.00,fresh,2026-09-17,,
2026-09-19,LegalSifter/workflows,80.60,carried_forward,2026-09-02,,
2026-09-20,LegalSifter/api-documents,80.40,fresh,2026-09-17,,
2026-09-20,LegalSifter/api-settings,,unavailable,2026-08-31,,
2026-09-20,LegalSifter/api-tickets,80.50,carried_forward,2026-09-02,,
2026-09-20,LegalSifter/automator,,unavailable,2026-09-16,,
2026-09-20,LegalSifter/control-bff,92.32,fresh,2026-09-17,,
2026-09-20,LegalSifter/go-mail,,unavailable,2026-09-16,,
2026-09-20,LegalSifter/go-microservices,83.30,carried_forward,2026-09-18,,
2026-09-20,LegalSifter/ls-review-fe,82.86,fresh,2026-09-17,,
2026-09-20,LegalSifter/ms-auth,88.00,carried_forward,2026-09-02,,
2026-09-20,LegalSifter/ms-billing,82.90,carried_forward,2026-08-31,,
2026-09-20,LegalSifter/ms-chat,94.00,fresh,2026-09-18,,
2026-09-20,LegalSifter/ms-playbook,80.30,carried_forward,2026-09-02,,
2026-09-20,LegalSifter/ms-profile,85.00,fresh,2026-09-18,,
2026-09-20,LegalSifter/ms-project,,unavailable,2025-12-09,,
2026-09-20,LegalSifter/ms-search,80.00,carried_forward,2026-09-02,,
2026-09-20,LegalSifter/ms-share,96.50,carried_forward,2026-09-02,,
2026-09-20,LegalSifter/ms-sign,85.10,carried_forward,2026-09-02,,
2026-09-20,LegalSifter/ms-storage,99.00,fresh,2026-09-17,,
2026-09-20,LegalSifter/workflows,80.60,carried_forward,2026-09-02,,
2026-09-21,LegalSifter/api-documents,80.40,carried_forward,2026-09-17,,
2026-09-21,LegalSifter/api-settings,,unavailable,2026-08-31,,
2026-09-21,LegalSifter/api-tickets,80.50,carried_forward,2026-09-02,,
2026-09-21,LegalSifter/automator,,unavailable,2026-09-16,,
2026-09-21,LegalSifter/control-bff,92.32,fresh,2026-09-17,,
2026-09-21,LegalSifter/go-mail,,unavailable,2026-09-16,,
2026-09-21,LegalSifter/go-microservices,83.30,carried_forward,2026-09-21,,
2026-09-21,LegalSifter/ls-review-fe,82.81,fresh,2026-09-17,,
2026-09-21,LegalSifter/ms-auth,88.00,carried_forward,2026-09-02,,
2026-09-21,LegalSifter/ms-billing,82.90,carried_forward,2026-08-31,,
2026-09-21,LegalSifter/ms-chat,94.00,fresh,2026-09-18,,
2026-09-21,LegalSifter/ms-playbook,80.30,carried_forward,2026-09-02,,
2026-09-21,LegalSifter/ms-profile,85.00,fresh,2026-09-18,,
2026-09-21,LegalSifter/ms-project,,unavailable,2025-12-09,,
2026-09-21,LegalSifter/ms-search,80.00,carried_forward,2026-09-02,,
2026-09-21,LegalSifter/ms-share,96.50,carried_forward,2026-09-02,,
2026-09-21,LegalSifter/ms-sign,85.10,carried_forward,2026-09-02,,
2026-09-21,LegalSifter/ms-storage,99.00,carried_forward,2026-09-17,,
2026-09-21,LegalSifter/workflows,80.60,carried_forward,2026-09-02,,
2026-09-22,LegalSifter/api-documents,80.40,fresh,2026-09-17,,
2026-09-22,LegalSifter/api-settings,,unavailable,2026-09-22,,
2026-09-22,LegalSifter/api-tickets,80.50,carried_forward,2026-09-02,,
2026-09-22,LegalSifter/automator,,unavailable,2026-09-22,,
2026-09-22,LegalSifter/control-bff,92.32,fresh,2026-09-17,,
2026-09-22,LegalSifter/go-mail,,unavailable,2026-09-22,,
2026-09-22,LegalSifter/go-microservices,83.30,carried_forward,2026-09-22,,
2026-09-22,LegalSifter/ls-review-fe,82.81,fresh,2026-09-22,,
2026-09-22,LegalSifter/ms-auth,88.00,carried_forward,2026-09-02,,
2026-09-22,LegalSifter/ms-billing,82.90,carried_forward,2026-08-31,,
2026-09-22,LegalSifter/ms-chat,94.00,fresh,2026-09-18,,
2026-09-22,LegalSifter/ms-playbook,80.30,carried_forward,2026-09-02,,
2026-09-22,LegalSifter/ms-profile,85.00,fresh,2026-09-18,,
2026-09-22,LegalSifter/ms-project,,unavailable,2025-12-09,,
2026-09-22,LegalSifter/ms-search,80.00,carried_forward,2026-09-02,,
2026-09-22,LegalSifter/ms-share,96.50,carried_forward,2026-09-02,,
2026-09-22,LegalSifter/ms-sign,85.10,carried_forward,2026-09-02,,
2026-09-22,LegalSifter/ms-storage,99.00,fresh,2026-09-21,,
2026-09-22,LegalSifter/workflows,80.60,carried_forward,2026-09-02,,
2026-09-23,LegalSifter/api-documents,80.40,fresh,2026-09-17,,
2026-09-23,LegalSifter/api-settings,,unavailable,2026-09-22,,
2026-09-23,LegalSifter/api-tickets,80.50,carried_forward,2026-09-02,,
2026-09-23,LegalSifter/automator,,unavailable,2026-09-22,,
2026-09-23,LegalSifter/control-bff,92.32,fresh,2026-09-17,,
2026-09-23,LegalSifter/go-mail,,unavailable,2026-09-22,,
2026-09-23,LegalSifter/go-microservices,83.30,carried_forward,2026-09-23,,
2026-09-23,LegalSifter/ls-review-fe,82.81,fresh,2026-09-22,,
2026-09-23,LegalSifter/ms-auth,88.00,carried_forward,2026-09-02,,
2026-09-23,LegalSifter/ms-billing,82.90,carried_forward,2026-08-31,,
2026-09-23,LegalSifter/ms-chat,94.00,fresh,2026-09-18,,
2026-09-23,LegalSifter/ms-playbook,80.30,carried_forward,2026-09-02,,
2026-09-23,LegalSifter/ms-profile,85.00,fresh,2026-09-18,,
2026-09-23,LegalSifter/ms-project,,unavailable,2025-12-09,,
2026-09-23,LegalSifter/ms-search,80.00,carried_forward,2026-09-02,,
2026-09-23,LegalSifter/ms-share,96.50,carried_forward,2026-09-02,,
2026-09-23,LegalSifter/ms-sign,85.10,carried_forward,2026-09-02,,
2026-09-23,LegalSifter/ms-storage,99.00,carried_forward,2026-09-21,,
2026-09-23,LegalSifter/workflows,80.60,carried_forward,2026-09-02,,
2026-09-24,LegalSifter/api-documents,80.40,carried_forward,2026-09-17,,
2026-09-24,LegalSifter/api-settings,,unavailable,2026-09-22,,
2026-09-24,LegalSifter/api-tickets,80.50,carried_forward,2026-09-02,,
2026-09-24,LegalSifter/automator,,unavailable,2026-09-22,,
2026-09-24,LegalSifter/control-bff,92.32,fresh,2026-09-23,,
2026-09-24,LegalSifter/go-mail,,unavailable,2026-09-22,,
2026-09-24,LegalSifter/go-microservices,83.30,carried_forward,2026-09-23,,
2026-09-24,LegalSifter/ls-review-fe,82.81,fresh,2026-09-23,,
2026-09-24,LegalSifter/ms-auth,88.00,carried_forward,2026-09-02,,
2026-09-24,LegalSifter/ms-billing,82.90,carried_forward,2026-08-31,,
2026-09-24,LegalSifter/ms-chat,94.00,fresh,2026-09-18,,
2026-09-24,LegalSifter/ms-playbook,80.30,carried_forward,2026-09-02,,
2026-09-24,LegalSifter/ms-profile,85.00,fresh,2026-09-23,,
2026-09-24,LegalSifter/ms-project,,unavailable,2025-12-09,,
2026-09-24,LegalSifter/ms-search,80.00,carried_forward,2026-09-02,,
2026-09-24,LegalSifter/ms-share,96.50,carried_forward,2026-09-02,,
2026-09-24,LegalSifter/ms-sign,85.10,carried_forward,2026-09-02,,
2026-09-24,LegalSifter/ms-storage,99.00,carried_forward,2026-09-21,,
2026-09-24,LegalSifter/workflows,80.60,carried_forward,2026-09-02,,
2026-09-25,LegalSifter/api-documents,80.40,carried_forward,2026-09-17,,
2026-09-25,LegalSifter/api-settings,,unavailable,2026-09-22,,
2026-09-25,LegalSifter/api-tickets,80.50,carried_forward,2026-09-02,,
2026-09-25,LegalSifter/automator,,unavailable,2026-09-22,,
2026-09-25,LegalSifter/control-bff,92.33,fresh,2026-09-25,,
2026-09-25,LegalSifter/go-mail,,unavailable,2026-09-22,,
2026-09-25,LegalSifter/go-microservices,83.30,carried_forward,2026-09-24,,
2026-09-25,LegalSifter/ls-review-fe,82.81,fresh,2026-09-24,,
2026-09-25,LegalSifter/ms-auth,88.00,carried_forward,2026-09-02,,
2026-09-25,LegalSifter/ms-billing,82.90,carried_forward,2026-08-31,,
2026-09-25,LegalSifter/ms-chat,94.00,fresh,2026-09-18,,
2026-09-25,LegalSifter/ms-playbook,80.30,carried_forward,2026-09-02,,
2026-09-25,LegalSifter/ms-profile,85.00,fresh,2026-09-25,,
2026-09-25,LegalSifter/ms-project,,unavailable,2025-12-09,,
2026-09-25,LegalSifter/ms-search,80.00,carried_forward,2026-09-02,,
2026-09-25,LegalSifter/ms-share,96.50,carried_forward,2026-09-02,,
2026-09-25,LegalSifter/ms-sign,85.10,carried_forward,2026-09-02,,
2026-09-25,LegalSifter/ms-storage,99.00,carried_forward,2026-09-21,,
2026-09-25,LegalSifter/workflows,80.60,carried_forward,2026-09-02,,
2026-09-26,LegalSifter/api-documents,80.40,carried_forward,2026-09-17,,
2026-09-26,LegalSifter/api-settings,,unavailable,2026-09-22,,
2026-09-26,LegalSifter/api-tickets,80.50,carried_forward,2026-09-02,,
2026-09-26,LegalSifter/automator,,unavailable,2026-09-22,,
2026-09-26,LegalSifter/control-bff,92.32,fresh,2026-09-25,,
2026-09-26,LegalSifter/go-mail,,unavailable,2026-09-22,,
2026-09-26,LegalSifter/go-microservices,83.30,carried_forward,2026-09-25,,
2026-09-26,LegalSifter/ls-review-fe,82.98,fresh,2026-09-24,,
2026-09-26,LegalSifter/ms-auth,88.00,carried_forward,2026-09-02,,
2026-09-26,LegalSifter/ms-billing,82.90,carried_forward,2026-08-31,,
2026-09-26,LegalSifter/ms-chat,94.00,carried_forward,2026-09-18,,
2026-09-26,LegalSifter/ms-playbook,80.30,carried_forward,2026-09-02,,
2026-09-26,LegalSifter/ms-profile,85.00,fresh,2026-09-25,,
2026-09-26,LegalSifter/ms-project,,unavailable,2025-12-09,,
2026-09-26,LegalSifter/ms-search,80.00,carried_forward,2026-09-02,,
2026-09-26,LegalSifter/ms-share,96.50,carried_forward,2026-09-02,,
2026-09-26,LegalSifter/ms-sign,85.10,carried_forward,2026-09-02,,
2026-09-26,LegalSifter/ms-storage,99.00,fresh,2026-09-21,,
2026-09-26,LegalSifter/workflows,80.60,carried_forward,2026-09-02,,
2026-09-27,LegalSifter/api-documents,80.40,carried_forward,2026-09-17,,
2026-09-27,LegalSifter/api-settings,,unavailable,2026-09-22,,
2026-09-27,LegalSifter/api-tickets,80.50,carried_forward,2026-09-02,,
2026-09-27,LegalSifter/automator,,unavailable,2026-09-22,,
2026-09-27,LegalSifter/control-bff,92.33,fresh,2026-09-25,,
2026-09-27,LegalSifter/go-mail,,unavailable,2026-09-22,,
2026-09-27,LegalSifter/go-microservices,83.30,carried_forward,2026-09-25,,
2026-09-27,LegalSifter/ls-review-fe,82.98,fresh,2026-09-24,,
2026-09-27,LegalSifter/ms-auth,88.00,carried_forward,2026-09-02,,
2026-09-27,LegalSifter/ms-billing,82.90,carried_forward,2026-08-31,,
2026-09-27,LegalSifter/ms-chat,94.00,carried_forward,2026-09-18,,
2026-09-27,LegalSifter/ms-playbook,80.30,carried_forward,2026-09-02,,
2026-09-27,LegalSifter/ms-profile,85.00,fresh,2026-09-25,,
2026-09-27,LegalSifter/ms-project,,unavailable,2025-12-09,,
2026-09-27,LegalSifter/ms-search,80.00,carried_forward,2026-09-02,,
2026-09-27,LegalSifter/ms-share,96.50,carried_forward,2026-09-02,,
2026-09-27,LegalSifter/ms-sign,85.10,carried_forward,2026-09-02,,
2026-09-27,LegalSifter/ms-storage,99.00,fresh,2026-09-21,,
2026-09-27,LegalSifter/workflows,80.60,carried_forward,2026-09-02,,
2026-09-28,LegalSifter/ReviewPro-GoogleDocsAddIn,90.46,fresh,2026-09-13,,
2026-09-28,LegalSifter/api-documents,80.40,carried_forward,2026-09-17,,
2026-09-28,LegalSifter/api-settings,,unavailable,2026-09-22,,
2026-09-28,LegalSifter/api-tickets,80.50,carried_forward,2026-09-02,,
2026-09-28,LegalSifter/automator,,unavailable,2026-09-22,,
2026-09-28,LegalSifter/control-bff,92.32,fresh,2026-09-25,,
2026-09-28,LegalSifter/go-mail,,unavailable,2026-09-22,,
2026-09-28,LegalSifter/go-microservices,84.00,fresh,2026-09-28,,
2026-09-28,LegalSifter/ls-review-fe,82.81,fresh,2026-09-24,,
2026-09-28,LegalSifter/ms-auth,88.00,carried_forward,2026-09-02,,
2026-09-28,LegalSifter/ms-billing,82.90,carried_forward,2026-08-31,,
2026-09-28,LegalSifter/ms-chat,94.00,carried_forward,2026-09-18,,
2026-09-28,LegalSifter/ms-playbook,80.30,carried_forward,2026-09-02,,
2026-09-28,LegalSifter/ms-profile,85.00,fresh,2026-09-25,,
2026-09-28,LegalSifter/ms-project,,unavailable,2025-12-09,,
2026-09-28,LegalSifter/ms-search,80.00,carried_forward,2026-09-02,,
2026-09-28,LegalSifter/ms-share,96.50,carried_forward,2026-09-02,,
2026-09-28,LegalSifter/ms-sign,85.10,carried_forward,2026-09-02,,
2026-09-28,LegalSifter/ms-storage,99.00,carried_forward,2026-09-21,,
2026-09-28,LegalSifter/reviewpro-onlyoffice,82.18,fresh,2026-09-28,,
2026-09-28,LegalSifter/workflows,80.60,carried_forward,2026-09-02,,
2026-09-29,LegalSifter/ReviewPro-GoogleDocsAddIn,90.46,fresh,2026-09-29,2026-09-29,develop
2026-09-29,LegalSifter/api-documents,80.40,carried_forward,2026-09-17,2026-09-23,
2026-09-29,LegalSifter/api-settings,,unavailable,2026-09-22,,
2026-09-29,LegalSifter/api-tickets,80.50,carried_forward,2026-09-02,2026-09-09,
2026-09-29,LegalSifter/automator,,unavailable,2026-09-22,,
2026-09-29,LegalSifter/control-bff,92.33,fresh,2026-09-29,,
2026-09-29,LegalSifter/go-mail,,unavailable,2026-09-22,,
2026-09-29,LegalSifter/go-microservices,85.90,fresh,2026-09-29,,
2026-09-29,LegalSifter/ls-review-fe,82.98,fresh,2026-09-24,,
2026-09-29,LegalSifter/ms-auth,88.00,carried_forward,2026-09-02,2026-09-09,
2026-09-29,LegalSifter/ms-billing,83.80,fresh,2026-09-29,2026-09-29,any
2026-09-29,LegalSifter/ms-chat,94.00,carried_forward,2026-09-18,2026-09-25,
2026-09-29,LegalSifter/ms-playbook,80.30,carried_forward,2026-09-02,2026-09-08,
2026-09-29,LegalSifter/ms-profile,85.00,fresh,2026-09-25,,
2026-09-29,LegalSifter/ms-project,,unavailable,2025-12-09,,
2026-09-29,LegalSifter/ms-search,80.00,carried_forward,2026-09-02,2026-09-09,
2026-09-29,LegalSifter/ms-share,96.50,carried_forward,2026-09-02,2026-09-07,
2026-09-29,LegalSifter/ms-sign,85.10,carried_forward,2026-09-02,2026-09-09,
2026-09-29,LegalSifter/ms-storage,99.00,carried_forward,2026-09-21,2026-09-27,
2026-09-29,LegalSifter/reviewpro-onlyoffice,82.18,fresh,2026-09-29,,
2026-09-29,LegalSifter/workflows,80.60,carried_forward,2026-09-02,2026-09-09,
2026-09-30,LegalSifter/ReviewPro-GoogleDocsAddIn,90.46,fresh,2026-09-29,2026-09-28,develop
2026-09-30,LegalSifter/api-documents,80.40,carried_forward,2026-09-17,2026-09-23,
2026-09-30,LegalSifter/api-settings,,unavailable,2026-09-22,,
2026-09-30,LegalSifter/api-tickets,80.50,carried_forward,2026-09-02,2026-09-09,
2026-09-30,LegalSifter/automator,,unavailable,2026-09-22,,
2026-09-30,LegalSifter/control-bff,92.32,fresh,2026-09-29,2026-09-17,develop_documents_v2
2026-09-30,LegalSifter/go-mail,,unavailable,2026-09-22,,
2026-09-30,LegalSifter/go-microservices,85.90,fresh,2026-09-30,2026-09-28,any
2026-09-30,LegalSifter/ls-review-fe,82.81,fresh,2026-09-30,2026-09-04,develop
2026-09-30,LegalSifter/ms-auth,88.00,carried_forward,2026-09-02,2026-09-09,
2026-09-30,LegalSifter/ms-billing,83.80,fresh,2026-09-30,2026-09-30,any
2026-09-30,LegalSifter/ms-chat,94.00,carried_forward,2026-09-18,2026-09-25,
2026-09-30,LegalSifter/ms-playbook,80.30,carried_forward,2026-09-02,2026-09-08,
2026-09-30,LegalSifter/ms-profile,85.00,fresh,2026-09-25,2026-09-25,develop
2026-09-30,LegalSifter/ms-project,,unavailable,2025-12-09,,
2026-09-30,LegalSifter/ms-search,80.00,carried_forward,2026-09-02,2026-09-09,
2026-09-30,LegalSifter/ms-share,96.50,carried_forward,2026-09-02,2026-09-07,
2026-09-30,LegalSifter/ms-sign,85.10,carried_forward,2026-09-02,2026-09-09,
2026-09-30,LegalSifter/ms-storage,99.00,carried_forward,2026-09-21,2026-09-27,
2026-09-30,LegalSifter/reviewpro-onlyoffice,83.31,fresh,2026-09-29,2026-09-29,any
2026-09-30,LegalSifter/workflows,80.60,carried_forward,2026-09-02,2026-09-09,
2026-10-01,LegalSifter/ReviewPro-GoogleDocsAddIn,90.46,fresh,2026-09-30,2026-09-29,develop
2026-10-01,LegalSifter/api-documents,80.40,fresh,2026-09-30,2026-09-30,any
2026-10-01,LegalSifter/api-settings,,unavailable,2026-09-30,,
2026-10-01,LegalSifter/api-tickets,80.50,carried_forward,2026-09-02,2026-09-09,
2026-10-01,LegalSifter/automator,,unavailable,2026-09-30,,
2026-10-01,LegalSifter/control-bff,92.32,fresh,2026-09-30,2026-09-17,develop_documents_v2
2026-10-01,LegalSifter/go-mail,,unavailable,2026-09-30,,
2026-10-01,LegalSifter/go-microservices,85.90,fresh,2026-09-30,2026-09-28,any
2026-10-01,LegalSifter/ls-review-fe,82.81,fresh,2026-09-30,2026-09-04,develop
2026-10-01,LegalSifter/ms-auth,88.00,carried_forward,2026-09-02,2026-09-09,
2026-10-01,LegalSifter/ms-billing,83.80,fresh,2026-09-30,2026-09-30,any
2026-10-01,LegalSifter/ms-chat,94.00,fresh,2026-09-30,2026-09-30,any
2026-10-01,LegalSifter/ms-playbook,80.30,carried_forward,2026-09-02,2026-09-08,
2026-10-01,LegalSifter/ms-profile,85.00,fresh,2026-09-30,2026-09-30,any
2026-10-01,LegalSifter/ms-project,,unavailable,2025-12-09,,
2026-10-01,LegalSifter/ms-search,80.00,carried_forward,2026-09-02,2026-09-09,
2026-10-01,LegalSifter/ms-share,96.50,carried_forward,2026-09-02,2026-09-07,
2026-10-01,LegalSifter/ms-sign,85.10,carried_forward,2026-09-02,2026-09-09,
2026-10-01,LegalSifter/ms-storage,99.00,fresh,2026-09-30,2026-09-30,any
2026-10-01,LegalSifter/reviewpro-onlyoffice,83.10,fresh,2026-09-30,2026-09-29,develop
2026-10-01,LegalSifter/workflows,80.60,carried_forward,2026-09-02,2026-09-09,
2026-10-02,LegalSifter/ReviewPro-GoogleDocsAddIn,90.46,fresh,2026-09-30,2026-09-27,develop
2026-10-02,LegalSifter/api-documents,80.40,fresh,2026-09-30,2026-09-30,develop
2026-10-02,LegalSifter/api-settings,,unavailable,2026-10-01,,
2026-10-02,LegalSifter/api-tickets,80.50,carried_forward,2026-09-02,2026-09-09,
2026-10-02,LegalSifter/automator,,unavailable,2026-09-30,,
2026-10-02,LegalSifter/control-bff,92.32,fresh,2026-10-01,2026-09-17,develop_documents_v2
2026-10-02,LegalSifter/go-mail,,unavailable,2026-09-30,,
2026-10-02,LegalSifter/go-microservices,85.90,fresh,2026-10-01,2026-09-28,any
2026-10-02,LegalSifter/ls-review-fe,82.81,fresh,2026-09-30,2026-09-04,develop
2026-10-02,LegalSifter/ms-auth,88.00,carried_forward,2026-09-02,2026-09-09,
2026-10-02,LegalSifter/ms-billing,83.80,fresh,2026-09-30,2026-09-30,develop
2026-10-02,LegalSifter/ms-chat,94.00,fresh,2026-09-30,2026-09-30,any
2026-10-02,LegalSifter/ms-playbook,80.30,carried_forward,2026-09-02,2026-09-08,
2026-10-02,LegalSifter/ms-profile,85.00,fresh,2026-09-30,2026-09-30,any
2026-10-02,LegalSifter/ms-project,,unavailable,2025-12-09,,
2026-10-02,LegalSifter/ms-search,80.00,carried_forward,2026-09-02,2026-09-09,
2026-10-02,LegalSifter/ms-share,96.50,carried_forward,2026-09-02,2026-09-07,
2026-10-02,LegalSifter/ms-sign,85.10,carried_forward,2026-09-02,2026-09-09,
2026-10-02,LegalSifter/ms-storage,99.00,fresh,2026-09-30,2026-09-30,any
2026-10-02,LegalSifter/reviewpro-onlyoffice,83.10,fresh,2026-09-30,2026-09-29,develop
2026-10-02,LegalSifter/workflows,80.60,carried_forward,2026-09-02,2026-09-09,
2026-10-03,LegalSifter/ReviewPro-GoogleDocsAddIn,90.46,fresh,2026-09-30,2026-09-30,develop
2026-10-03,LegalSifter/api-documents,80.40,fresh,2026-09-30,2026-09-30,any
2026-10-03,LegalSifter/api-settings,,unavailable,2026-10-01,,
2026-10-03,LegalSifter/api-tickets,80.50,carried_forward,2026-09-02,2026-09-09,
2026-10-03,LegalSifter/automator,,unavailable,2026-09-30,,
2026-10-03,LegalSifter/control-bff,92.32,fresh,2026-10-02,2026-09-17,develop_documents_v2
2026-10-03,LegalSifter/go-mail,,unavailable,2026-09-30,,
2026-10-03,LegalSifter/go-microservices,85.90,fresh,2026-10-01,2026-09-28,any
2026-10-03,LegalSifter/ls-review-fe,83.06,fresh,2026-09-30,2026-09-30,develop
2026-10-03,LegalSifter/ms-auth,88.00,carried_forward,2026-09-02,2026-09-09,
2026-10-03,LegalSifter/ms-billing,83.80,fresh,2026-09-30,2026-09-30,develop
2026-10-03,LegalSifter/ms-chat,94.00,fresh,2026-09-30,2026-09-30,any
2026-10-03,LegalSifter/ms-playbook,80.30,carried_forward,2026-09-02,2026-09-08,
2026-10-03,LegalSifter/ms-profile,85.00,fresh,2026-09-30,2026-09-30,any
2026-10-03,LegalSifter/ms-project,,unavailable,2025-12-09,,
2026-10-03,LegalSifter/ms-search,80.00,carried_forward,2026-09-02,2026-09-09,
2026-10-03,LegalSifter/ms-share,96.50,carried_forward,2026-09-02,2026-09-07,
2026-10-03,LegalSifter/ms-sign,85.10,carried_forward,2026-09-02,2026-09-09,
2026-10-03,LegalSifter/ms-storage,99.00,fresh,2026-09-30,2026-09-30,any
2026-10-03,LegalSifter/reviewpro-onlyoffice,83.31,fresh,2026-09-30,2026-09-29,develop
2026-10-03,LegalSifter/workflows,80.60,carried_forward,2026-09-02,2026-09-09,
2026-10-04,LegalSifter/ReviewPro-GoogleDocsAddIn,90.46,fresh,2026-09-30,2026-10-04,develop
2026-10-04,LegalSifter/api-documents,80.40,fresh,2026-09-30,2026-09-30,develop
2026-10-04,LegalSifter/api-settings,,unavailable,2026-10-01,,
2026-10-04,LegalSifter/api-tickets,80.50,carried_forward,2026-09-02,2026-09-09,
2026-10-04,LegalSifter/automator,,unavailable,2026-09-30,,
2026-10-04,LegalSifter/control-bff,92.32,fresh,2026-10-02,2026-09-17,develop_documents_v2
2026-10-04,LegalSifter/go-mail,,unavailable,2026-09-30,,
2026-10-04,LegalSifter/go-microservices,85.90,fresh,2026-10-01,2026-09-28,any
2026-10-04,LegalSifter/ls-review-fe,83.06,fresh,2026-09-30,2026-09-30,develop
2026-10-04,LegalSifter/ms-auth,88.00,carried_forward,2026-09-02,2026-09-09,
2026-10-04,LegalSifter/ms-billing,83.80,fresh,2026-09-30,2026-09-30,develop
2026-10-04,LegalSifter/ms-chat,94.00,fresh,2026-09-30,2026-09-30,any
2026-10-04,LegalSifter/ms-playbook,80.30,carried_forward,2026-09-02,2026-09-08,
2026-10-04,LegalSifter/ms-profile,85.00,fresh,2026-09-30,2026-09-30,any
2026-10-04,LegalSifter/ms-project,,unavailable,2025-12-09,,
2026-10-04,LegalSifter/ms-search,80.00,carried_forward,2026-09-02,2026-09-09,
2026-10-04,LegalSifter/ms-share,96.50,carried_forward,2026-09-02,2026-09-07,
2026-10-04,LegalSifter/ms-sign,85.10,carried_forward,2026-09-02,2026-09-09,
2026-10-04,LegalSifter/ms-storage,99.00,fresh,2026-09-30,2026-09-30,any
2026-10-04,LegalSifter/reviewpro-onlyoffice,83.31,fresh,2026-09-30,2026-09-29,develop
2026-10-04,LegalSifter/workflows,80.60,carried_forward,2026-09-02,2026-09-09,
2026-10-05,LegalSifter/ReviewPro-GoogleDocsAddIn,90.46,fresh,2026-10-04,2026-09-29,develop
2026-10-05,LegalSifter/api-documents,80.40,fresh,2026-09-30,2026-09-30,any
2026-10-05,LegalSifter/api-settings,86.46,fresh,2026-10-01,2026-10-01,develop
2026-10-05,LegalSifter/api-tickets,80.50,carried_forward,2026-09-02,2026-09-09,
2026-10-05,LegalSifter/automator,80.84,fresh,2026-09-30,2026-09-30,any
2026-10-05,LegalSifter/control-bff,92.33,fresh,2026-10-02,2026-09-25,any
2026-10-05,LegalSifter/go-mail,81.65,fresh,2026-09-30,2026-09-30,develop
2026-10-05,LegalSifter/go-microservices,85.90,fresh,2026-10-05,2026-09-28,any
2026-10-05,LegalSifter/ls-review-fe,83.06,fresh,2026-09-30,2026-09-30,develop
2026-10-05,LegalSifter/ms-auth,88.00,carried_forward,2026-09-02,2026-09-09,
2026-10-05,LegalSifter/ms-billing,83.80,fresh,2026-09-30,2026-09-30,any
2026-10-05,LegalSifter/ms-chat,94.00,fresh,2026-09-30,2026-09-30,any
2026-10-05,LegalSifter/ms-playbook,80.30,carried_forward,2026-09-02,2026-09-08,
2026-10-05,LegalSifter/ms-profile,85.00,fresh,2026-09-30,2026-09-30,any
2026-10-05,LegalSifter/ms-project,,unavailable,2025-12-09,,
2026-10-05,LegalSifter/ms-search,80.00,carried_forward,2026-09-02,2026-09-09,
2026-10-05,LegalSifter/ms-share,96.50,carried_forward,2026-09-02,2026-09-07,
2026-10-05,LegalSifter/ms-sign,85.10,carried_forward,2026-09-02,2026-09-09,
2026-10-05,LegalSifter/ms-storage,99.00,fresh,2026-09-30,2026-09-30,any
2026-10-05,LegalSifter/reviewpro-onlyoffice,83.31,fresh,2026-09-30,2026-09-29,develop
2026-10-05,LegalSifter/workflows,80.60,carried_forward,2026-09-02,2026-09-09,
2026-10-06,LegalSifter/ReviewPro-GoogleDocsAddIn,90.46,fresh,2026-10-06,2026-09-29,develop
2026-10-06,LegalSifter/api-documents,80.40,fresh,2026-09-30,2026-09-30,any
2026-10-06,LegalSifter/api-settings,86.46,fresh,2026-10-01,2026-10-01,develop
2026-10-06,LegalSifter/api-tickets,80.50,carried_forward,2026-09-02,2026-09-09,
2026-10-06,LegalSifter/automator,80.84,fresh,2026-09-30,2026-09-30,any
2026-10-06,LegalSifter/control-bff,92.32,fresh,2026-10-05,2026-09-17,develop_documents_v2
2026-10-06,LegalSifter/go-mail,81.65,fresh,2026-09-30,2026-09-30,any
2026-10-06,LegalSifter/go-microservices,85.90,fresh,2026-10-05,2026-09-28,any
2026-10-06,LegalSifter/ls-review-fe,83.06,fresh,2026-10-05,2026-09-30,develop
2026-10-06,LegalSifter/ms-auth,88.00,carried_forward,2026-09-02,2026-09-09,
2026-10-06,LegalSifter/ms-billing,83.80,fresh,2026-09-30,2026-09-30,develop
2026-10-06,LegalSifter/ms-chat,94.00,fresh,2026-09-30,2026-09-30,any
2026-10-06,LegalSifter/ms-playbook,80.40,fresh,2026-10-05,2026-10-05,any
2026-10-06,LegalSifter/ms-profile,85.00,fresh,2026-09-30,2026-09-30,any
2026-10-06,LegalSifter/ms-project,,unavailable,2025-12-09,,
2026-10-06,LegalSifter/ms-search,80.00,carried_forward,2026-09-02,2026-09-09,
2026-10-06,LegalSifter/ms-share,96.50,carried_forward,2026-09-02,2026-09-07,
2026-10-06,LegalSifter/ms-sign,85.10,carried_forward,2026-09-02,2026-09-09,
2026-10-06,LegalSifter/ms-storage,99.00,fresh,2026-09-30,2026-09-30,any
2026-10-06,LegalSifter/reviewpro-onlyoffice,83.31,fresh,2026-09-30,2026-09-29,develop
2026-10-06,LegalSifter/workflows,80.60,carried_forward,2026-09-02,2026-09-09,
2026-10-07,LegalSifter/ReviewPro-GoogleDocsAddIn,90.46,fresh,2026-10-06,2026-10-05,develop
2026-10-07,LegalSifter/api-documents,80.40,fresh,2026-09-30,2026-09-30,any
2026-10-07,LegalSifter/api-settings,86.46,fresh,2026-10-01,2026-10-01,develop
2026-10-07,LegalSifter/api-tickets,80.50,carried_forward,2026-09-02,2026-09-09,
2026-10-07,LegalSifter/automator,80.84,fresh,2026-09-30,2026-09-30,any
2026-10-07,LegalSifter/control-bff,92.36,fresh,2026-10-06,2026-10-06,any
2026-10-07,LegalSifter/go-mail,81.65,fresh,2026-09-30,2026-09-30,develop
2026-10-07,LegalSifter/go-microservices,85.90,fresh,2026-10-05,2026-09-28,any
2026-10-07,LegalSifter/ls-review-fe,83.10,fresh,2026-10-07,2026-10-07,develop
2026-10-07,LegalSifter/ms-auth,88.00,carried_forward,2026-09-02,2026-09-09,
2026-10-07,LegalSifter/ms-billing,83.80,fresh,2026-09-30,2026-09-30,develop
2026-10-07,LegalSifter/ms-chat,94.00,fresh,2026-09-30,2026-09-30,any
2026-10-07,LegalSifter/ms-playbook,80.40,fresh,2026-10-06,2026-10-06,develop
2026-10-07,LegalSifter/ms-profile,85.00,fresh,2026-09-30,2026-09-30,any
2026-10-07,LegalSifter/ms-project,,unavailable,2025-12-09,,
2026-10-07,LegalSifter/ms-search,80.00,carried_forward,2026-09-02,2026-09-09,
2026-10-07,LegalSifter/ms-share,96.50,carried_forward,2026-09-02,2026-09-07,
2026-10-07,LegalSifter/ms-sign,85.10,carried_forward,2026-09-02,2026-09-09,
2026-10-07,LegalSifter/ms-storage,99.00,fresh,2026-09-30,2026-09-30,any
2026-10-07,LegalSifter/reviewpro-onlyoffice,83.31,fresh,2026-09-30,2026-09-29,develop
2026-10-07,LegalSifter/workflows,80.60,carried_forward,2026-09-02,2026-09-09,
2026-10-08,LegalSifter/ReviewPro-GoogleDocsAddIn,90.46,fresh,2026-10-06,2026-10-05,develop
2026-10-08,LegalSifter/api-documents,80.40,carried_forward,2026-09-30,2026-09-30,any
2026-10-08,LegalSifter/api-settings,86.46,fresh,2026-10-01,2026-10-01,develop
2026-10-08,LegalSifter/api-tickets,80.50,carried_forward,2026-09-02,2026-09-09,
2026-10-08,LegalSifter/automator,80.84,carried_forward,2026-09-30,2026-09-30,any
2026-10-08,LegalSifter/control-bff,92.36,fresh,2026-10-07,2026-10-07,develop_documents_v2
2026-10-08,LegalSifter/go-mail,81.65,carried_forward,2026-09-30,2026-09-30,develop
2026-10-08,LegalSifter/go-microservices,85.90,fresh,2026-10-07,2026-10-07,develop
2026-10-08,LegalSifter/ls-review-fe,83.10,fresh,2026-10-08,2026-10-07,develop
2026-10-08,LegalSifter/ms-auth,88.00,carried_forward,2026-09-02,2026-09-09,
2026-10-08,LegalSifter/ms-billing,83.80,carried_forward,2026-09-30,2026-09-30,develop
2026-10-08,LegalSifter/ms-chat,94.00,carried_forward,2026-09-30,2026-09-30,any
2026-10-08,LegalSifter/ms-playbook,80.40,fresh,2026-10-06,2026-10-06,develop
2026-10-08,LegalSifter/ms-profile,85.00,fresh,2026-10-07,2026-10-07,develop
2026-10-08,LegalSifter/ms-project,,unavailable,2025-12-09,,
2026-10-08,LegalSifter/ms-search,80.00,carried_forward,2026-09-02,2026-09-09,
2026-10-08,LegalSifter/ms-share,96.50,carried_forward,2026-09-02,2026-09-07,
2026-10-08,LegalSifter/ms-sign,85.10,carried_forward,2026-09-02,2026-09-09,
2026-10-08,LegalSifter/ms-storage,99.00,carried_forward,2026-09-30,2026-09-30,any
2026-10-08,LegalSifter/reviewpro-onlyoffice,83.31,fresh,2026-10-08,2026-09-29,develop
2026-10-08,LegalSifter/workflows,80.60,carried_forward,2026-09-02,2026-09-09,
2026-10-09,LegalSifter/ReviewPro-GoogleDocsAddIn,90.46,fresh,2026-10-06,2026-10-05,develop
2026-10-09,LegalSifter/api-documents,80.40,carried_forward,2026-09-30,2026-09-30,any
2026-10-09,LegalSifter/api-settings,86.46,carried_forward,2026-10-01,2026-10-01,develop
2026-10-09,LegalSifter/api-tickets,80.50,carried_forward,2026-09-02,2026-09-09,
2026-10-09,LegalSifter/automator,80.84,carried_forward,2026-09-30,2026-09-30,any
2026-10-09,LegalSifter/control-bff,92.36,fresh,2026-10-07,2026-10-07,develop_documents_v2
2026-10-09,LegalSifter/go-mail,81.65,carried_forward,2026-09-30,2026-09-30,develop
2026-10-09,LegalSifter/go-microservices,85.90,fresh,2026-10-07,2026-10-07,develop
2026-10-09,LegalSifter/ls-review-fe,83.18,fresh,2026-10-09,2026-10-08,develop
2026-10-09,LegalSifter/ms-auth,88.00,carried_forward,2026-09-02,2026-09-09,
2026-10-09,LegalSifter/ms-billing,83.80,carried_forward,2026-09-30,2026-09-30,develop
2026-10-09,LegalSifter/ms-chat,94.00,carried_forward,2026-09-30,2026-09-30,any
2026-10-09,LegalSifter/ms-playbook,80.40,fresh,2026-10-06,2026-10-06,develop
2026-10-09,LegalSifter/ms-profile,85.00,fresh,2026-10-07,2026-10-07,develop
2026-10-09,LegalSifter/ms-project,,unavailable,2025-12-09,,
2026-10-09,LegalSifter/ms-search,80.00,carried_forward,2026-09-02,2026-09-09,
2026-10-09,LegalSifter/ms-share,96.50,carried_forward,2026-09-02,2026-09-07,
2026-10-09,LegalSifter/ms-sign,85.10,carried_forward,2026-09-02,2026-09-09,
2026-10-09,LegalSifter/ms-storage,99.00,carried_forward,2026-09-30,2026-09-30,any
2026-10-09,LegalSifter/reviewpro-onlyoffice,83.80,fresh,2026-10-08,2026-10-08,develop
2026-10-09,LegalSifter/workflows,80.60,carried_forward,2026-09-02,2026-09-09,
2026-10-10,LegalSifter/ReviewPro-GoogleDocsAddIn,90.46,fresh,2026-10-06,2026-10-05,develop
2026-10-10,LegalSifter/api-documents,80.40,carried_forward,2026-09-30,2026-09-30,any
2026-10-10,LegalSifter/api-settings,86.46,carried_forward,2026-10-01,2026-10-01,develop
2026-10-10,LegalSifter/api-tickets,80.50,carried_forward,2026-09-02,2026-09-09,
2026-10-10,LegalSifter/automator,80.84,carried_forward,2026-09-30,2026-09-30,any
2026-10-10,LegalSifter/control-bff,92.36,fresh,2026-10-07,2026-10-07,develop_documents_v2
2026-10-10,LegalSifter/go-mail,81.65,carried_forward,2026-09-30,2026-09-30,develop
2026-10-10,LegalSifter/go-microservices,85.90,fresh,2026-10-07,2026-10-07,develop
2026-10-10,LegalSifter/ls-review-fe,83.18,fresh,2026-10-09,2026-10-09,develop
2026-10-10,LegalSifter/ms-auth,88.00,carried_forward,2026-09-02,2026-09-09,
2026-10-10,LegalSifter/ms-billing,83.80,carried_forward,2026-09-30,2026-09-30,develop
2026-10-10,LegalSifter/ms-chat,94.00,carried_forward,2026-09-30,2026-09-30,any
2026-10-10,LegalSifter/ms-playbook,80.40,fresh,2026-10-06,2026-10-06,develop
2026-10-10,LegalSifter/ms-profile,85.00,fresh,2026-10-07,2026-10-07,develop
2026-10-10,LegalSifter/ms-project,,unavailable,2025-12-09,,
2026-10-10,LegalSifter/ms-search,80.00,carried_forward,2026-09-02,2026-09-09,
2026-10-10,LegalSifter/ms-share,96.50,carried_forward,2026-09-02,2026-09-07,
2026-10-10,LegalSifter/ms-sign,85.10,carried_forward,2026-09-02,2026-09-09,
2026-10-10,LegalSifter/ms-storage,99.00,carried_forward,2026-09-30,2026-09-30,any
2026-10-10,LegalSifter/reviewpro-onlyoffice,83.59,fresh,2026-10-09,2026-10-09,develop
2026-10-10,LegalSifter/workflows,80.60,carried_forward,2026-09-02,2026-09-09,
